time	V(out)
0.000000000000000e+00	2.161706e-28
2.500000029215244e-08	1.298259e-09
5.000000058430487e-08	-6.382985e-10
8.419726121274699e-08	-2.529542e-08
1.189688947012391e-07	-1.032819e-07
1.536745542761471e-07	-2.769952e-07
1.918382606664266e-07	-6.390566e-07
2.381569195657629e-07	-1.421133e-06
2.995416147507156e-07	-3.223829e-06
3.778914941855515e-07	-7.223191e-06
4.800472399372448e-07	-1.628768e-05
6.101083491570520e-07	-3.637491e-05
7.776805315857161e-07	-7.898378e-05
9.361033371128688e-07	-1.431422e-04
1.125169238100114e-06	-2.609241e-04
1.340775218765173e-06	-4.634187e-04
1.605090047056205e-06	-8.352641e-04
1.914774734551531e-06	-1.486539e-03
2.291279998787530e-06	-2.666756e-03
2.737580367749325e-06	-4.745758e-03
3.278635211398013e-06	-8.474450e-03
3.926505323113928e-06	-1.504486e-02
4.714163557760411e-06	-2.672105e-02
5.667905192919443e-06	-4.722179e-02
6.836831205601856e-06	-8.316678e-02
8.272448122267688e-06	-1.388680e-01
8.275968647157559e-06	-1.390262e-01
8.297091796496786e-06	-1.400490e-01
8.325255995615753e-06	-1.414186e-01
8.381584393853691e-06	-1.441761e-01
8.494241190329565e-06	-1.497340e-01
8.719554783281312e-06	-1.608995e-01
8.726254241959273e-06	-1.612314e-01
8.739653159315198e-06	-1.618932e-01
8.766450994027046e-06	-1.632077e-01
8.820046663450744e-06	-1.658006e-01
8.885651268374845e-06	-1.689082e-01
8.937034329086961e-06	-1.712710e-01
8.993572878457863e-06	-1.737700e-01
9.067188391908944e-06	-1.768494e-01
9.165050635738840e-06	-1.805933e-01
9.301669374800873e-06	-1.850715e-01
9.489409178324334e-06	-1.897131e-01
9.773529583631083e-06	-1.939498e-01
1.019003793814109e-05	-1.965177e-01
1.084252567609156e-05	-1.972318e-01
1.181844556825119e-05	-1.967571e-01
1.332880005389576e-05	-1.957291e-01
1.634950902518491e-05	-1.937400e-01
2.239092696776321e-05	-1.899699e-01
3.215655196776321e-05	-1.842920e-01
4.192217696776321e-05	-1.790975e-01
5.168780196776322e-05	-1.743375e-01
5.562576462578003e-05	-1.725565e-01
5.972266703325115e-05	-1.708093e-01
6.315759806232065e-05	-1.694048e-01
6.686168693187363e-05	-1.679593e-01
7.206882831435622e-05	-1.660258e-01
7.715220289034107e-05	-1.642511e-01
8.422538055979849e-05	-1.619639e-01
9.240465448292206e-05	-1.595546e-01
1.021702794829221e-04	-1.569852e-01
1.119359044829220e-04	-1.547260e-01
1.217015294829220e-04	-1.527688e-01
1.314671544829221e-04	-1.510921e-01
1.412327794829221e-04	-1.496759e-01
1.509984044829221e-04	-1.485013e-01
1.607640294829221e-04	-1.475507e-01
1.705296544829221e-04	-1.468077e-01
1.802952794829221e-04	-1.462567e-01
1.900609044829221e-04	-1.458833e-01
1.998265294829221e-04	-1.456740e-01
2.095921544829221e-04	-1.456162e-01
2.193577794829221e-04	-1.456978e-01
2.291234044829221e-04	-1.459080e-01
2.388890294829221e-04	-1.462362e-01
2.486546544829221e-04	-1.466729e-01
2.584202794829221e-04	-1.472090e-01
2.681859044829221e-04	-1.478359e-01
2.779515294829222e-04	-1.485458e-01
2.877171544829222e-04	-1.493312e-01
2.974827794829222e-04	-1.501854e-01
3.072484044829222e-04	-1.511018e-01
3.170140294829222e-04	-1.520745e-01
3.267796544829222e-04	-1.530977e-01
3.377659826079222e-04	-1.542934e-01
3.402073888579222e-04	-1.545684e-01
3.419458439000393e-04	-1.547638e-01
3.433334389054766e-04	-1.549049e-01
3.439609597155108e-04	-1.548540e-01
3.443130703184739e-04	-1.546441e-01
3.444675486786153e-04	-1.544769e-01
3.445766701216669e-04	-1.543433e-01
3.446597658106509e-04	-1.542386e-01
3.447466332979221e-04	-1.541248e-01
3.448402217952294e-04	-1.539981e-01
3.449746519624657e-04	-1.538063e-01
3.452149249503968e-04	-1.534319e-01
3.456954709262590e-04	-1.525459e-01
3.466565628779834e-04	-1.500644e-01
3.485787467814322e-04	-1.406349e-01
3.513730125228062e-04	-1.113300e-01
3.535804023436199e-04	-6.070627e-02
3.561894606534678e-04	3.340556e-02
3.562359795106768e-04	3.555805e-02
3.563290172250948e-04	4.043512e-02
3.565150926539309e-04	5.044490e-02
3.568872435116029e-04	7.149542e-02
3.576315452269470e-04	1.158270e-01
3.578176206557830e-04	1.275268e-01
3.581897715134551e-04	1.518769e-01
3.582828092278731e-04	1.580739e-01
3.584069917319291e-04	1.664464e-01
3.584864832982314e-04	1.717989e-01
3.585778474209935e-04	1.779174e-01
3.586375755132611e-04	1.818785e-01
3.587096636371809e-04	1.865936e-01
3.588004201206698e-04	1.924041e-01
3.589266990207824e-04	2.001596e-01
3.591005798766544e-04	2.098621e-01
3.593482269869330e-04	2.207036e-01
3.597218858425300e-04	2.300820e-01
3.602995481716592e-04	2.347388e-01
3.610696827279471e-04	2.347323e-01
3.618764786939882e-04	2.335074e-01
3.633348610418836e-04	2.314031e-01
3.662516257376743e-04	2.272728e-01
3.720851551292560e-04	2.193699e-01
3.818507801292560e-04	2.069283e-01
3.916164051292560e-04	1.954211e-01
4.013820301292560e-04	1.848942e-01
4.111476551292560e-04	1.752830e-01
4.209132801292560e-04	1.665269e-01
4.306789051292560e-04	1.585690e-01
4.404445301292560e-04	1.513560e-01
4.502101551292561e-04	1.448379e-01
4.599757801292561e-04	1.389677e-01
4.697414051292561e-04	1.337016e-01
4.795070301292561e-04	1.289982e-01
4.892726551292561e-04	1.248190e-01
4.990382801292561e-04	1.211276e-01
5.088039051292561e-04	1.178902e-01
5.185695301292561e-04	1.150750e-01
5.283351551292561e-04	1.126521e-01
5.381007801292561e-04	1.105936e-01
5.478664051292561e-04	1.088733e-01
5.576320301292561e-04	1.074667e-01
5.673976551292562e-04	1.063510e-01
5.771632801292562e-04	1.055045e-01
5.869289051292562e-04	1.049072e-01
5.966945301292562e-04	1.045402e-01
6.064601551292562e-04	1.043859e-01
6.162257801292562e-04	1.044279e-01
6.259914051292562e-04	1.046506e-01
6.357570301292562e-04	1.050397e-01
6.455226551292562e-04	1.055817e-01
6.552882801292562e-04	1.062638e-01
6.650539051292562e-04	1.070745e-01
6.748195301292563e-04	1.080026e-01
6.845851551292563e-04	1.090378e-01
6.943507801292563e-04	1.101705e-01
7.041164051292563e-04	1.113918e-01
7.138820301292563e-04	1.126933e-01
7.236476551292563e-04	1.140671e-01
7.334132801292563e-04	1.155060e-01
7.431789051292563e-04	1.170031e-01
7.529445301292563e-04	1.185522e-01
7.627101551292563e-04	1.201473e-01
7.724757801292563e-04	1.217830e-01
7.822414051292563e-04	1.234541e-01
7.920070301292564e-04	1.251558e-01
8.017726551292564e-04	1.268838e-01
8.115382801292564e-04	1.286339e-01
8.213039051292564e-04	1.304024e-01
8.310695301292564e-04	1.321857e-01
8.408351551292564e-04	1.339805e-01
8.506007801292564e-04	1.357837e-01
8.603664051292564e-04	1.375926e-01
8.701320301292564e-04	1.394046e-01
8.798976551292564e-04	1.412171e-01
8.896632801292564e-04	1.430282e-01
8.994289051292565e-04	1.448356e-01
9.091945301292565e-04	1.466375e-01
9.189601551292565e-04	1.484322e-01
9.287257801292565e-04	1.502181e-01
9.384914051292565e-04	1.519936e-01
9.482570301292565e-04	1.537576e-01
9.580226551292565e-04	1.555087e-01
9.677882801292565e-04	1.572459e-01
9.775539051292564e-04	1.589682e-01
9.873195301292564e-04	1.606746e-01
9.970851551292564e-04	1.623636e-01
1.006850780129256e-03	1.640386e-01
1.007003368019882e-03	1.640646e-01
1.007308543801131e-03	1.641159e-01
1.007918895363632e-03	1.642157e-01
1.008212106837216e-03	1.642571e-01
1.008384673027179e-03	1.642592e-01
1.008476180130322e-03	1.642173e-01
1.008563070082637e-03	1.641223e-01
1.008620301438731e-03	1.640384e-01
1.008672598276256e-03	1.639566e-01
1.008726324076722e-03	1.638706e-01
1.008821737080783e-03	1.637105e-01
1.009012563088904e-03	1.633599e-01
1.009394215105148e-03	1.625165e-01
1.010157519137636e-03	1.600674e-01
1.011684127202612e-03	1.504627e-01
1.013870337455604e-03	1.208168e-01
1.015635790325349e-03	6.883615e-02
1.017727498835327e-03	-2.736704e-02
1.017727606010291e-03	-2.737409e-02
1.017758839857010e-03	-2.943760e-02
1.017790196189403e-03	-3.152585e-02
1.017852908854188e-03	-3.575253e-02
1.017978334183759e-03	-4.440578e-02
1.018229184842900e-03	-6.214800e-02
1.018291897507685e-03	-6.670546e-02
1.018417322837256e-03	-7.600807e-02
1.018445477880802e-03	-7.811697e-02
1.018501787967893e-03	-8.236880e-02
1.018578093413384e-03	-8.814095e-02
1.018621972977524e-03	-9.145945e-02
1.018666586560376e-03	-9.482609e-02
1.018720319536286e-03	-9.886725e-02
1.018788892076536e-03	-1.040009e-01
1.018878476565121e-03	-1.106649e-01
1.019003803332096e-03	-1.199037e-01
1.019179953959780e-03	-1.327136e-01
1.019441381755768e-03	-1.512660e-01
1.019835473828837e-03	-1.769174e-01
1.020446948865438e-03	-2.048178e-01
1.021455902019411e-03	-2.235058e-01
1.022429063712759e-03	-2.253580e-01
1.023416815424060e-03	-2.236233e-01
1.024506640091158e-03	-2.221470e-01
1.026686289425355e-03	-2.188709e-01
1.030016149069038e-03	-2.140845e-01
1.036675868356405e-03	-2.049637e-01
1.046441493356405e-03	-1.924564e-01
1.056207118356405e-03	-1.808389e-01
1.062560437282800e-03	-1.737751e-01
1.065933499998915e-03	-1.702287e-01
1.069482248422084e-03	-1.666418e-01
1.072750443801743e-03	-1.634420e-01
1.076105032403783e-03	-1.602791e-01
1.081236788427310e-03	-1.556302e-01
1.086260220494644e-03	-1.513086e-01
1.093608432223429e-03	-1.453885e-01
1.102442741888642e-03	-1.388127e-01
1.112208366888642e-03	-1.321956e-01
1.121973991888642e-03	-1.262323e-01
1.131739616888642e-03	-1.208946e-01
1.141505241888642e-03	-1.161398e-01
1.151270866888642e-03	-1.119277e-01
1.161036491888643e-03	-1.082207e-01
1.170802116888643e-03	-1.049834e-01
1.180567741888643e-03	-1.021830e-01
1.190333366888643e-03	-9.978835e-02
1.200098991888643e-03	-9.777053e-02
1.209864616888643e-03	-9.610230e-02
1.219630241888643e-03	-9.475830e-02
1.229395866888643e-03	-9.371463e-02
1.239161491888643e-03	-9.294904e-02
1.248927116888643e-03	-9.244058e-02
1.258692741888643e-03	-9.216976e-02
1.268458366888643e-03	-9.211825e-02
1.278223991888643e-03	-9.226895e-02
1.287989616888643e-03	-9.260583e-02
1.297755241888643e-03	-9.311395e-02
1.307520866888643e-03	-9.377927e-02
1.317286491888643e-03	-9.458873e-02
1.327052116888643e-03	-9.553009e-02
1.336817741888643e-03	-9.655142e-02
1.346583366888643e-03	-9.756108e-02
1.346679894899310e-03	-9.754829e-02
1.346872950920643e-03	-9.746259e-02
1.347259062963311e-03	-9.724601e-02
1.347503791820524e-03	-9.708653e-02
1.347751846588064e-03	-9.689716e-02
1.348089526154382e-03	-9.659851e-02
1.348441143631403e-03	-9.623194e-02
1.348990252976743e-03	-9.553081e-02
1.349815487376150e-03	-9.415233e-02
1.351134195866894e-03	-9.060661e-02
1.353771612848384e-03	-7.619018e-02
1.356407740641286e-03	-4.315679e-02
1.358662893907225e-03	1.799501e-02
1.361337087543013e-03	1.286972e-01
1.361354140584346e-03	1.296472e-01
1.361422352749679e-03	1.336043e-01
1.361513302303456e-03	1.389501e-01
1.361695201411011e-03	1.497660e-01
1.361732909783167e-03	1.520338e-01
1.361808326527479e-03	1.566068e-01
1.361906658266304e-03	1.625768e-01
1.361976633382712e-03	1.668202e-01
1.362031529488611e-03	1.701376e-01
1.362098158931806e-03	1.741452e-01
1.362185919008408e-03	1.793921e-01
1.362300585170810e-03	1.861909e-01
1.362459914818264e-03	1.955267e-01
1.362684496991758e-03	2.084501e-01
1.363019267569728e-03	2.270540e-01
1.363525560606391e-03	2.517929e-01
1.364325114746072e-03	2.775232e-01
1.365428196424571e-03	2.907348e-01
1.366383021317095e-03	2.912023e-01
1.367645475337201e-03	2.890410e-01
1.368977378650373e-03	2.871763e-01
1.371641185276718e-03	2.833363e-01
1.376968798529408e-03	2.760091e-01
1.386734423529408e-03	2.633058e-01
1.396500048529408e-03	2.514866e-01
1.406265673529408e-03	2.406062e-01
1.416031298529408e-03	2.306040e-01
1.425796923529408e-03	2.214219e-01
1.435562548529408e-03	2.130067e-01
1.445328173529408e-03	2.053076e-01
1.455093798529408e-03	1.982778e-01
1.464859423529408e-03	1.918724e-01
1.474625048529408e-03	1.860505e-01
1.484390673529408e-03	1.807725e-01
1.494156298529408e-03	1.760024e-01
1.503921923529408e-03	1.717053e-01
1.513687548529408e-03	1.678496e-01
1.523453173529408e-03	1.644048e-01
1.533218798529408e-03	1.613429e-01
1.542984423529408e-03	1.586371e-01
1.552750048529408e-03	1.562629e-01
1.562515673529408e-03	1.541968e-01
1.572281298529408e-03	1.524172e-01
1.582046923529408e-03	1.509036e-01
1.591812548529408e-03	1.496368e-01
1.601578173529408e-03	1.485989e-01
1.611343798529408e-03	1.477732e-01
1.621109423529408e-03	1.471438e-01
1.630875048529408e-03	1.466963e-01
1.640640673529408e-03	1.464167e-01
1.650406298529408e-03	1.462921e-01
1.660171923529408e-03	1.463106e-01
1.669937548529408e-03	1.464607e-01
1.679703173529408e-03	1.467321e-01
1.689468798529408e-03	1.471147e-01
1.699234423529408e-03	1.475995e-01
1.709000048529408e-03	1.481777e-01
1.718765673529408e-03	1.488412e-01
1.728531298529408e-03	1.495827e-01
1.738296923529408e-03	1.503950e-01
1.748062548529408e-03	1.512716e-01
1.757828173529408e-03	1.522064e-01
1.767593798529408e-03	1.531936e-01
1.777359423529408e-03	1.542280e-01
1.787125048529408e-03	1.553045e-01
1.796890673529408e-03	1.564185e-01
1.806656298529408e-03	1.575657e-01
1.816421923529408e-03	1.587422e-01
1.826187548529408e-03	1.599441e-01
1.835953173529408e-03	1.611679e-01
1.845718798529408e-03	1.624106e-01
1.855484423529408e-03	1.636690e-01
1.865250048529408e-03	1.649404e-01
1.875015673529408e-03	1.662221e-01
1.884781298529408e-03	1.675119e-01
1.894546923529408e-03	1.688074e-01
1.904312548529408e-03	1.701066e-01
1.914078173529408e-03	1.714077e-01
1.923843798529408e-03	1.727089e-01
1.933609423529408e-03	1.740084e-01
1.943375048529408e-03	1.753050e-01
1.953140673529408e-03	1.765971e-01
1.962906298529408e-03	1.778835e-01
1.972671923529408e-03	1.791631e-01
1.982437548529407e-03	1.804348e-01
1.992203173529407e-03	1.816976e-01
2.002121386420032e-03	1.829728e-01
2.003036913763782e-03	1.830896e-01
2.004257616888782e-03	1.832449e-01
2.005129234504711e-03	1.833550e-01
2.005825154150412e-03	1.834386e-01
2.006371087033465e-03	1.834295e-01
2.006622650674690e-03	1.832618e-01
2.006818626704306e-03	1.829512e-01
2.007029682565121e-03	1.825074e-01
2.007200184669379e-03	1.821090e-01
2.007373181114155e-03	1.816627e-01
2.007577343793500e-03	1.810806e-01
2.007821022763825e-03	1.802983e-01
2.008173311288612e-03	1.789691e-01
2.008719321732225e-03	1.763193e-01
2.009645784258782e-03	1.688125e-01
2.011498709311894e-03	1.399052e-01
2.013329414247410e-03	8.253236e-02
2.015544701047389e-03	-2.321300e-02
2.015545775771173e-03	-2.328597e-02
2.015684432198383e-03	-3.286250e-02
2.015824180408484e-03	-4.283484e-02
2.016103676828686e-03	-6.330528e-02
2.016173550933737e-03	-6.857152e-02
2.016313299143838e-03	-7.933816e-02
2.016348236196364e-03	-8.206297e-02
2.016418110301414e-03	-8.757916e-02
2.016503778030976e-03	-9.438958e-02
2.016561801515278e-03	-9.902520e-02
2.016627535621189e-03	-1.042825e-01
2.016666839070261e-03	-1.074189e-01
2.016725517898889e-03	-1.120850e-01
2.016785988994424e-03	-1.168708e-01
2.016871777059119e-03	-1.236130e-01
2.016989315071351e-03	-1.327532e-01
2.017149237560265e-03	-1.449365e-01
2.017393564911471e-03	-1.624819e-01
2.017747924641417e-03	-1.822377e-01
2.018396467910723e-03	-2.010961e-01
2.019121431708059e-03	-2.063782e-01
2.019877451356000e-03	-2.055136e-01
2.020710405455124e-03	-2.041820e-01
2.022376313653373e-03	-2.017228e-01
2.025708130049872e-03	-1.970081e-01
2.032371762842869e-03	-1.880489e-01
2.042137387842869e-03	-1.757567e-01
2.051903012842869e-03	-1.644460e-01
2.061668637842869e-03	-1.540032e-01
2.065681172960987e-03	-1.499913e-01
2.069881974827588e-03	-1.460067e-01
2.072884839254029e-03	-1.432617e-01
2.076508782342146e-03	-1.400795e-01
2.081871885922898e-03	-1.355731e-01
2.087030996620862e-03	-1.314764e-01
2.094992451228048e-03	-1.255994e-01
2.104278374702734e-03	-1.193123e-01
2.114043999702734e-03	-1.133462e-01
2.123809624702733e-03	-1.080140e-01
2.133575249702733e-03	-1.032806e-01
2.143340874702733e-03	-9.910441e-02
2.153106499702733e-03	-9.544675e-02
2.162872124702733e-03	-9.227116e-02
2.172637749702732e-03	-8.954365e-02
2.182403374702732e-03	-8.723224e-02
2.192168999702732e-03	-8.530708e-02
2.201934624702732e-03	-8.374012e-02
2.211700249702732e-03	-8.250517e-02
2.221465874702731e-03	-8.157766e-02
2.231231499702731e-03	-8.093461e-02
2.240997124702731e-03	-8.055448e-02
2.250762749702731e-03	-8.041716e-02
2.260528374702731e-03	-8.050376e-02
2.270293999702730e-03	-8.079670e-02
2.280059624702730e-03	-8.127947e-02
2.289825249702730e-03	-8.193668e-02
2.299590874702730e-03	-8.275387e-02
2.309356499702730e-03	-8.371761e-02
2.319122124702729e-03	-8.481529e-02
2.328887749702729e-03	-8.603517e-02
2.338653374702729e-03	-8.736553e-02
2.348418999702729e-03	-8.877220e-02
2.348571587593354e-03	-8.879501e-02
2.348876763374604e-03	-8.884113e-02
2.349487114937104e-03	-8.893106e-02
2.349925291271363e-03	-8.898935e-02
2.350195736811285e-03	-8.900599e-02
2.350340494427912e-03	-8.897636e-02
2.350479320926024e-03	-8.889619e-02
2.350561215407076e-03	-8.883158e-02
2.350644864756537e-03	-8.876322e-02
2.350725003723592e-03	-8.869890e-02
2.350854452564274e-03	-8.859292e-02
2.351113350245636e-03	-8.836550e-02
2.351631145608362e-03	-8.782415e-02
2.352666736333814e-03	-8.629542e-02
2.354737917784718e-03	-7.955032e-02
2.358880280686525e-03	-4.769206e-02
2.361337564419779e-03	-9.735866e-04
2.363575545036321e-03	7.185247e-02
2.363678605765409e-03	7.630481e-02
2.363884727223587e-03	8.655100e-02
2.364296970139941e-03	1.076840e-01
2.364339966197546e-03	1.099569e-01
2.364425958312758e-03	1.146297e-01
2.364597942543180e-03	1.241589e-01
2.364847461177798e-03	1.382363e-01
2.364858115880951e-03	1.388462e-01
2.364879425287257e-03	1.400772e-01
2.364922044099868e-03	1.425417e-01
2.364992644291839e-03	1.466251e-01
2.365064182994814e-03	1.507561e-01
2.365122262002202e-03	1.540990e-01
2.365185614045847e-03	1.577287e-01
2.365269904739134e-03	1.625305e-01
2.365380130929252e-03	1.687607e-01
2.365535373736251e-03	1.774400e-01
2.365747639919256e-03	1.891202e-01
2.366071931564584e-03	2.065393e-01
2.366545460243195e-03	2.307368e-01
2.367314658779123e-03	2.634062e-01
2.368386848712503e-03	2.902847e-01
2.369565379761581e-03	2.989838e-01
2.370565345346787e-03	2.982165e-01
2.371941567688655e-03	2.959857e-01
2.373898528590343e-03	2.931543e-01
2.377617860628383e-03	2.877826e-01
2.385056524704462e-03	2.776346e-01
2.394822149704462e-03	2.651269e-01
2.404587774704462e-03	2.535361e-01
2.414353399704462e-03	2.428618e-01
2.424119024704461e-03	2.330444e-01
2.433884649704461e-03	2.240282e-01
2.443650274704461e-03	2.157608e-01
2.453415899704461e-03	2.081930e-01
2.463181524704460e-03	2.012788e-01
2.472947149704460e-03	1.949749e-01
2.482712774704460e-03	1.892407e-01
2.492478399704460e-03	1.840383e-01
2.502244024704460e-03	1.793320e-01
2.512009649704459e-03	1.750883e-01
2.521775274704459e-03	1.712758e-01
2.531540899704459e-03	1.678651e-01
2.541306524704459e-03	1.648287e-01
2.551072149704459e-03	1.621407e-01
2.560837774704458e-03	1.597768e-01
2.570603399704458e-03	1.577145e-01
2.580369024704458e-03	1.559323e-01
2.590134649704458e-03	1.544104e-01
2.599900274704458e-03	1.531301e-01
2.609665899704457e-03	1.520739e-01
2.619431524704457e-03	1.512254e-01
2.629197149704457e-03	1.505693e-01
2.638962774704457e-03	1.500912e-01
2.648728399704457e-03	1.497776e-01
2.658494024704456e-03	1.496161e-01
2.668259649704456e-03	1.495947e-01
2.678025274704456e-03	1.497025e-01
2.687790899704456e-03	1.499292e-01
2.697556524704455e-03	1.502652e-01
2.707322149704455e-03	1.507013e-01
2.726853399704455e-03	1.518412e-01
2.736619024704455e-03	1.525297e-01
2.746384649704454e-03	1.532879e-01
2.756150274704454e-03	1.541093e-01
2.765915899704454e-03	1.549881e-01
2.775681524704454e-03	1.559187e-01
2.785447149704454e-03	1.568957e-01
2.795212774704453e-03	1.579144e-01
2.804978399704453e-03	1.589703e-01
2.814744024704453e-03	1.600590e-01
2.824509649704453e-03	1.611768e-01
2.834275274704453e-03	1.623199e-01
2.844040899704452e-03	1.634849e-01
2.853806524704452e-03	1.646687e-01
2.863572149704452e-03	1.658683e-01
2.873337774704452e-03	1.670811e-01
2.883103399704452e-03	1.683044e-01
2.892869024704451e-03	1.695360e-01
2.902634649704451e-03	1.707736e-01
2.912400274704451e-03	1.720153e-01
2.922165899704451e-03	1.732592e-01
2.931931524704450e-03	1.745035e-01
2.941697149704450e-03	1.757467e-01
2.951462774704450e-03	1.769874e-01
2.961228399704450e-03	1.782241e-01
2.970994024704450e-03	1.794556e-01
2.980759649704449e-03	1.806808e-01
2.990525274704449e-03	1.818987e-01
3.000290899704449e-03	1.831105e-01
3.000443487595074e-03	1.831294e-01
3.000748663376324e-03	1.831671e-01
3.001199499869124e-03	1.832226e-01
3.001676025270535e-03	1.832812e-01
3.002629076073357e-03	1.833981e-01
3.003443762464962e-03	1.834972e-01
3.004075610010063e-03	1.835713e-01
3.004474501255805e-03	1.835968e-01
3.004680730422408e-03	1.835396e-01
3.004799911842126e-03	1.834177e-01
3.004851738590826e-03	1.833295e-01
3.004893324135848e-03	1.832497e-01
3.004938309760565e-03	1.831620e-01
3.004992179196141e-03	1.830522e-01
3.005099918067294e-03	1.828171e-01
3.005315395809600e-03	1.822858e-01
3.005746351294212e-03	1.809528e-01
3.006608262263435e-03	1.767606e-01
3.008332084201881e-03	1.610577e-01
3.010068669455405e-03	1.283361e-01
3.011895968117687e-03	6.166949e-02
3.013986592779713e-03	-4.916658e-02
3.013986603094175e-03	-4.916725e-02
3.013986623723101e-03	-4.916874e-02
3.013986664980952e-03	-4.917173e-02
3.013986747496654e-03	-4.917769e-02
3.014028830504752e-03	-5.223244e-02
3.014071078544253e-03	-5.532791e-02
3.014155574623256e-03	-6.160514e-02
3.014324566781263e-03	-7.449946e-02
3.014662551097275e-03	-1.009282e-01
3.014673113107150e-03	-1.017715e-01
3.014694237126901e-03	-1.034828e-01
3.014736485166403e-03	-1.069133e-01
3.014785120024045e-03	-1.108689e-01
3.014841235045990e-03	-1.154338e-01
3.014878664535359e-03	-1.184729e-01
3.014932497148527e-03	-1.228294e-01
3.014989118982825e-03	-1.273898e-01
3.015064597492696e-03	-1.334264e-01
3.015163390455264e-03	-1.412383e-01
3.015304535864505e-03	-1.521524e-01
3.015503917936486e-03	-1.666221e-01
3.015803752066069e-03	-1.841483e-01
3.016262691316001e-03	-1.990358e-01
3.017004826773978e-03	-2.056272e-01
3.017716519308319e-03	-2.051558e-01
3.018514292088023e-03	-2.037674e-01
3.019912009743212e-03	-2.017826e-01
3.022305431259152e-03	-1.983316e-01
3.027092274291030e-03	-1.917866e-01
3.036665960354788e-03	-1.794648e-01
3.046431585354788e-03	-1.678354e-01
3.056197210354787e-03	-1.571361e-01
3.062271856951172e-03	-1.509321e-01
3.065593001641899e-03	-1.477255e-01
3.069091940852117e-03	-1.444823e-01
3.072584162560982e-03	-1.413537e-01
3.075894804662126e-03	-1.385029e-01
3.081240649694229e-03	-1.340981e-01
3.086354137080736e-03	-1.301101e-01
3.093828366513697e-03	-1.246818e-01
3.102879957440675e-03	-1.186436e-01
3.112645582440675e-03	-1.127563e-01
3.122411207440675e-03	-1.074945e-01
3.132176832440675e-03	-1.028273e-01
3.141942457440674e-03	-9.871335e-02
3.161473707440674e-03	-9.199373e-02
3.171239332440674e-03	-8.931804e-02
3.181004957440673e-03	-8.705541e-02
3.190770582440673e-03	-8.517613e-02
3.200536207440673e-03	-8.365235e-02
3.210301832440673e-03	-8.245801e-02
3.220067457440673e-03	-8.156872e-02
3.229833082440672e-03	-8.096162e-02
3.239598707440672e-03	-8.061533e-02
3.249364332440672e-03	-8.050985e-02
3.259129957440672e-03	-8.062644e-02
3.268895582440672e-03	-8.094758e-02
3.278661207440671e-03	-8.145689e-02
3.288426832440671e-03	-8.213906e-02
3.298192457440671e-03	-8.297977e-02
3.307958082440671e-03	-8.396563e-02
3.317723707440671e-03	-8.508414e-02
3.327489332440670e-03	-8.632360e-02
3.337254957440670e-03	-8.767310e-02
3.347020582440670e-03	-8.910032e-02
3.347478346112545e-03	-8.917027e-02
3.348088697675045e-03	-8.926442e-02
3.349309400800045e-03	-8.945362e-02
3.351750807050045e-03	-8.982991e-02
3.352748323478296e-03	-8.988757e-02
3.353354962956498e-03	-8.969440e-02
3.353916448684146e-03	-8.926491e-02
3.354458610762578e-03	-8.869190e-02
3.355492907987865e-03	-8.729669e-02
3.356479675152576e-03	-8.542005e-02
3.358233068441624e-03	-7.880381e-02
3.361739855019722e-03	-5.004176e-02
3.364038720391459e-03	-5.319108e-03
3.366457788203928e-03	7.350942e-02
3.366558549220076e-03	7.786800e-02
3.366760071252372e-03	8.796252e-02
3.367163115316963e-03	1.087773e-01
3.367223481945771e-03	1.119956e-01
3.367344215203388e-03	1.186296e-01
3.367585681718621e-03	1.320830e-01
3.367592932430095e-03	1.324918e-01
3.367607433853042e-03	1.333160e-01
3.367636436698936e-03	1.349652e-01
3.367694442390723e-03	1.382631e-01
3.367763651230585e-03	1.421923e-01
3.367817169519335e-03	1.452216e-01
3.367883935085288e-03	1.489848e-01
3.367960814431636e-03	1.532948e-01
3.368065116190657e-03	1.590992e-01
3.368208891001891e-03	1.670201e-01
3.368405142577136e-03	1.776764e-01
3.368699679233751e-03	1.933306e-01
3.369133415147601e-03	2.155644e-01
3.369820616138477e-03	2.468697e-01
3.370902991777819e-03	2.802635e-01
3.372292732486556e-03	2.965134e-01
3.373577579505480e-03	2.968757e-01
3.375052731250101e-03	2.943187e-01
3.376599055886768e-03	2.921637e-01
3.379691705160100e-03	2.876579e-01
3.385030377801094e-03	2.802573e-01
3.394796002801093e-03	2.674641e-01
3.404561627801093e-03	2.555593e-01
3.414327252801093e-03	2.445925e-01
3.424092877801093e-03	2.345043e-01
3.433858502801093e-03	2.252354e-01
3.443624127801092e-03	2.167334e-01
3.453389752801092e-03	2.089470e-01
3.463155377801092e-03	2.018301e-01
3.472921002801092e-03	1.953375e-01
3.482686627801092e-03	1.894286e-01
3.492452252801091e-03	1.840639e-01
3.502217877801091e-03	1.792073e-01
3.511983502801091e-03	1.748242e-01
3.521749127801091e-03	1.708830e-01
3.531514752801090e-03	1.673532e-01
3.541280377801090e-03	1.642069e-01
3.551046002801090e-03	1.614174e-01
3.560811627801090e-03	1.589603e-01
3.570577252801090e-03	1.568120e-01
3.580342877801089e-03	1.549509e-01
3.590108502801089e-03	1.533567e-01
3.599874127801089e-03	1.520102e-01
3.609639752801089e-03	1.508934e-01
3.619405377801089e-03	1.499898e-01
3.629171002801088e-03	1.492835e-01
3.638936627801088e-03	1.487599e-01
3.648702252801088e-03	1.484052e-01
3.658467877801088e-03	1.482066e-01
3.668233502801088e-03	1.481519e-01
3.677999127801087e-03	1.482300e-01
3.687764752801087e-03	1.484302e-01
3.697530377801087e-03	1.487428e-01
3.707296002801087e-03	1.491584e-01
3.717061627801087e-03	1.496685e-01
3.726827252801086e-03	1.502650e-01
3.736592877801086e-03	1.509404e-01
3.746358502801086e-03	1.516877e-01
3.756124127801086e-03	1.525002e-01
3.765889752801085e-03	1.533719e-01
3.775655377801085e-03	1.542970e-01
3.785421002801085e-03	1.552702e-01
3.795186627801085e-03	1.562866e-01
3.804952252801085e-03	1.573414e-01
3.814717877801084e-03	1.584305e-01
3.824483502801084e-03	1.595496e-01
3.834249127801084e-03	1.606952e-01
3.844014752801084e-03	1.618637e-01
3.853780377801084e-03	1.630518e-01
3.863546002801083e-03	1.642567e-01
3.873311627801083e-03	1.654754e-01
3.883077252801083e-03	1.667054e-01
3.892842877801083e-03	1.679442e-01
3.902608502801083e-03	1.691897e-01
3.912374127801083e-03	1.704398e-01
3.922139752801083e-03	1.716926e-01
3.931905377801082e-03	1.729462e-01
3.941671002801082e-03	1.741991e-01
3.951436627801082e-03	1.754498e-01
3.961202252801082e-03	1.766968e-01
3.970967877801082e-03	1.779390e-01
3.980733502801081e-03	1.791751e-01
3.990499127801081e-03	1.804039e-01
4.000417340691706e-03	1.816455e-01
4.000722516472956e-03	1.816834e-01
4.001332868035456e-03	1.817584e-01
4.002553571160456e-03	1.818821e-01
4.003016046162191e-03	1.817728e-01
4.003293521077485e-03	1.814648e-01
4.003404520463911e-03	1.812523e-01
4.003480901466248e-03	1.810870e-01
4.003535153430347e-03	1.809651e-01
4.003592681646095e-03	1.808294e-01
4.003658289534202e-03	1.806686e-01
4.003769695179550e-03	1.803768e-01
4.003992506470245e-03	1.797216e-01
4.004438129051635e-03	1.780867e-01
4.005329374214414e-03	1.728750e-01
4.007111864539973e-03	1.533597e-01
4.008825124831008e-03	1.150779e-01
4.010749857937652e-03	3.580981e-02
4.012754166177291e-03	-8.065721e-02
4.012754178744502e-03	-8.065810e-02
4.012754203878924e-03	-8.066004e-02
4.012754254147769e-03	-8.066390e-02
4.012754354685459e-03	-8.067165e-02
4.012754957911600e-03	-8.071809e-02
4.012779891258733e-03	-8.264264e-02
4.012805628907387e-03	-8.463937e-02
4.012857104204694e-03	-8.866372e-02
4.012960054799309e-03	-9.682871e-02
4.013165955988538e-03	-1.133697e-01
4.013169323322602e-03	-1.136430e-01
4.013176057990730e-03	-1.141933e-01
4.013189527326985e-03	-1.152940e-01
4.013216465999497e-03	-1.174949e-01
4.013270343344520e-03	-1.218923e-01
4.013314619995176e-03	-1.254973e-01
4.013370398118513e-03	-1.300207e-01
4.013430526822820e-03	-1.348692e-01
4.013509627268251e-03	-1.411928e-01
4.013615163789422e-03	-1.495051e-01
4.013766288396687e-03	-1.610245e-01
4.013980532200829e-03	-1.757735e-01
4.014307037277194e-03	-1.921539e-01
4.014806345800407e-03	-2.039674e-01
4.015486020388515e-03	-2.071295e-01
4.016229722489196e-03	-2.062030e-01
4.017051238870060e-03	-2.049515e-01
4.018694271631788e-03	-2.025676e-01
4.021980337155245e-03	-1.979362e-01
4.028552468202159e-03	-1.891181e-01
4.038318093202159e-03	-1.768519e-01
4.048083718202158e-03	-1.655615e-01
4.057849343202158e-03	-1.551611e-01
4.062900583542665e-03	-1.501332e-01
4.066088793045789e-03	-1.471215e-01
4.068921013341809e-03	-1.445394e-01
4.072073928670529e-03	-1.417549e-01
4.075693918366692e-03	-1.386753e-01
4.080742785023645e-03	-1.345695e-01
4.086633381362156e-03	-1.300559e-01
4.094995964890380e-03	-1.241229e-01
4.104761589890380e-03	-1.178053e-01
4.114527214890380e-03	-1.121288e-01
4.124292839890379e-03	-1.070742e-01
4.134058464890379e-03	-1.025987e-01
4.143824089890379e-03	-9.866206e-02
4.163355339890379e-03	-9.225728e-02
4.173120964890378e-03	-8.972081e-02
4.182886589890378e-03	-8.758633e-02
4.192652214890378e-03	-8.582481e-02
4.202417839890378e-03	-8.440913e-02
4.212183464890377e-03	-8.331381e-02
4.221949089890377e-03	-8.251508e-02
4.231714714890377e-03	-8.199063e-02
4.241480339890377e-03	-8.171961e-02
4.251245964890377e-03	-8.168247e-02
4.261011589890376e-03	-8.186097e-02
4.270777214890376e-03	-8.223803e-02
4.280542839890376e-03	-8.279765e-02
4.290308464890376e-03	-8.352491e-02
4.300074089890376e-03	-8.440583e-02
4.309839714890375e-03	-8.542737e-02
4.319605339890375e-03	-8.657733e-02
4.329370964890375e-03	-8.784430e-02
4.339136589890375e-03	-8.921766e-02
4.348902214890375e-03	-9.066902e-02
4.350122918015374e-03	-9.085720e-02
4.352564324265375e-03	-9.124096e-02
4.354301064556265e-03	-9.151459e-02
4.354474394559541e-03	-9.154159e-02
4.354821054566095e-03	-9.159400e-02
4.355073726442169e-03	-9.162851e-02
4.355280236407699e-03	-9.165168e-02
4.355297512724978e-03	-9.165287e-02
4.355332065359538e-03	-9.165291e-02
4.355389368026018e-03	-9.164571e-02
4.355449992119276e-03	-9.162392e-02
4.355507511604364e-03	-9.158748e-02
4.355570591210002e-03	-9.153669e-02
4.355636152337988e-03	-9.148147e-02
4.355722586499745e-03	-9.141004e-02
4.355850546532016e-03	-9.130550e-02
4.356106466596559e-03	-9.108734e-02
4.356618306725644e-03	-9.057806e-02
4.357641986983816e-03	-8.915763e-02
4.359689347500157e-03	-8.318410e-02
4.363758911837204e-03	-5.566388e-02
4.366220931696805e-03	-1.280303e-02
4.368678431271916e-03	6.202035e-02
4.368805663224637e-03	6.729746e-02
4.369060127130081e-03	7.970535e-02
4.369569054940969e-03	1.054768e-01
4.369613178437458e-03	1.077945e-01
4.369701425430438e-03	1.125767e-01
4.369877919416397e-03	1.222857e-01
4.370009799049333e-03	1.296365e-01
4.370011087086291e-03	1.297092e-01
4.370036847825458e-03	1.311655e-01
4.370064325947235e-03	1.327205e-01
4.370119282190789e-03	1.358310e-01
4.370174768490229e-03	1.389682e-01
4.370228001364372e-03	1.419704e-01
4.370291946835867e-03	1.455633e-01
4.370363876865868e-03	1.495848e-01
4.370458398656669e-03	1.548340e-01
4.370590086807414e-03	1.620811e-01
4.370764774499127e-03	1.715710e-01
4.371026084485065e-03	1.855016e-01
4.371407854813668e-03	2.052582e-01
4.372004810876340e-03	2.339913e-01
4.372940168235097e-03	2.687243e-01
4.374159806377360e-03	2.913361e-01
4.375426183229814e-03	2.957015e-01
4.376624382967834e-03	2.939443e-01
4.378011771282200e-03	2.918601e-01
4.380786547910931e-03	2.878271e-01
4.386336101168394e-03	2.800595e-01
4.396101726168394e-03	2.671450e-01
4.405867351168394e-03	2.551238e-01
4.415632976168394e-03	2.440498e-01
4.425398601168393e-03	2.338615e-01
4.435164226168393e-03	2.245014e-01
4.444929851168393e-03	2.159153e-01
4.454695476168393e-03	2.080526e-01
4.464461101168393e-03	2.008656e-01
4.474226726168392e-03	1.943097e-01
4.483992351168392e-03	1.883430e-01
4.493757976168392e-03	1.829263e-01
4.503523601168392e-03	1.780225e-01
4.513289226168391e-03	1.735974e-01
4.523054851168391e-03	1.696184e-01
4.532820476168391e-03	1.660551e-01
4.542586101168391e-03	1.628791e-01
4.552351726168391e-03	1.600637e-01
4.562117351168390e-03	1.575838e-01
4.571882976168390e-03	1.554160e-01
4.581648601168390e-03	1.535384e-01
4.591414226168390e-03	1.519303e-01
4.601179851168390e-03	1.505723e-01
4.610945476168389e-03	1.494466e-01
4.620711101168389e-03	1.485361e-01
4.630476726168389e-03	1.478249e-01
4.640242351168389e-03	1.472983e-01
4.650007976168389e-03	1.469423e-01
4.659773601168388e-03	1.467439e-01
4.669539226168388e-03	1.466910e-01
4.679304851168388e-03	1.467721e-01
4.689070476168388e-03	1.469767e-01
4.698836101168388e-03	1.472947e-01
4.708601726168387e-03	1.477169e-01
4.718367351168387e-03	1.482345e-01
4.728132976168387e-03	1.488393e-01
4.737898601168387e-03	1.495239e-01
4.747664226168387e-03	1.502810e-01
4.757429851168386e-03	1.511041e-01
4.767195476168386e-03	1.519869e-01
4.776961101168386e-03	1.529237e-01
4.786726726168386e-03	1.539091e-01
4.796492351168385e-03	1.549381e-01
4.806257976168385e-03	1.560059e-01
4.816023601168385e-03	1.571083e-01
4.825789226168385e-03	1.582411e-01
4.835554851168385e-03	1.594006e-01
4.845320476168384e-03	1.605832e-01
4.855086101168384e-03	1.617857e-01
4.864851726168384e-03	1.630051e-01
4.874617351168384e-03	1.642384e-01
4.884382976168384e-03	1.654832e-01
4.894148601168383e-03	1.667369e-01
4.903914226168383e-03	1.679973e-01
4.913679851168383e-03	1.692623e-01
4.923445476168383e-03	1.705300e-01
4.933211101168383e-03	1.717987e-01
4.942976726168382e-03	1.730666e-01
4.952742351168382e-03	1.743322e-01
4.962507976168382e-03	1.755942e-01
4.972273601168382e-03	1.768512e-01
4.982039226168382e-03	1.781021e-01
4.991804851168381e-03	1.793467e-01
4.997358500585592e-03	1.800515e-01
4.998274027929342e-03	1.801671e-01
4.999494731054342e-03	1.803209e-01
4.999799906835592e-03	1.803591e-01
5.000410258398092e-03	1.804351e-01
5.000847217007659e-03	1.804885e-01
5.001196738295873e-03	1.805284e-01
5.001424310428266e-03	1.805445e-01
5.001540476430411e-03	1.805264e-01
5.001606690491095e-03	1.804797e-01
5.001644716457212e-03	1.804286e-01
5.001688676186940e-03	1.803543e-01
5.001735930075569e-03	1.802694e-01
5.001790836589515e-03	1.801657e-01
5.001900649617406e-03	1.799418e-01
5.002120275673188e-03	1.794305e-01
5.002559527784753e-03	1.781315e-01
5.003438032007881e-03	1.739921e-01
5.005195040454139e-03	1.583838e-01
5.006948474560796e-03	1.260143e-01
5.008792966633689e-03	5.983746e-02
5.010906366329011e-03	-5.052774e-02
5.010906397293303e-03	-5.052988e-02
5.010906438579026e-03	-5.053282e-02
5.010906521150472e-03	-5.053871e-02
5.010948632587657e-03	-5.355472e-02
5.010990909167734e-03	-5.661086e-02
5.011075462327888e-03	-6.280814e-02
5.011244568648196e-03	-7.553990e-02
5.011582781288811e-03	-1.017337e-01
5.011667334448965e-03	-1.084666e-01
5.011775808570288e-03	-1.172686e-01
5.011841066016750e-03	-1.225803e-01
5.011912089381414e-03	-1.283596e-01
5.011958741295915e-03	-1.321409e-01
5.012016868662822e-03	-1.368257e-01
5.012089984005781e-03	-1.426712e-01
5.012190268364909e-03	-1.505791e-01
5.012330223517988e-03	-1.613020e-01
5.012526559696501e-03	-1.751129e-01
5.012828294995474e-03	-1.913852e-01
5.013275714081267e-03	-2.036693e-01
5.014024253566928e-03	-2.083665e-01
5.014770771380434e-03	-2.076381e-01
5.015579112390979e-03	-2.063293e-01
5.017195794412066e-03	-2.040267e-01
5.020220127994900e-03	-1.997319e-01
5.026268795160567e-03	-1.915631e-01
5.036034420160567e-03	-1.791990e-01
5.045800045160567e-03	-1.678008e-01
5.055565670160567e-03	-1.573283e-01
5.061915059898552e-03	-1.509870e-01
5.065286216710210e-03	-1.478081e-01
5.068828457752740e-03	-1.446031e-01
5.072094081140672e-03	-1.417469e-01
5.075444390341840e-03	-1.389285e-01
5.080562520383801e-03	-1.348034e-01
5.085575661348415e-03	-1.309757e-01
5.092899410837865e-03	-1.257595e-01
5.101705613571841e-03	-1.199923e-01
5.111471238571840e-03	-1.142077e-01
5.121236863571840e-03	-1.090354e-01
5.131002488571840e-03	-1.044492e-01
5.140768113571840e-03	-1.004085e-01
5.160299363571839e-03	-9.381377e-02
5.170064988571839e-03	-9.119074e-02
5.179830613571839e-03	-8.897485e-02
5.189596238571839e-03	-8.713678e-02
5.199361863571839e-03	-8.564907e-02
5.209127488571838e-03	-8.448602e-02
5.218893113571838e-03	-8.362357e-02
5.228658738571838e-03	-8.303917e-02
5.238424363571838e-03	-8.271175e-02
5.248189988571838e-03	-8.262156e-02
5.257955613571837e-03	-8.275013e-02
5.267721238571837e-03	-8.308020e-02
5.277486863571837e-03	-8.359562e-02
5.287252488571837e-03	-8.428127e-02
5.297018113571837e-03	-8.512302e-02
5.306783738571836e-03	-8.610769e-02
5.316549363571836e-03	-8.722294e-02
5.326314988571836e-03	-8.845726e-02
5.336080613571836e-03	-8.979988e-02
5.345846238571835e-03	-9.123996e-02
5.355611863571835e-03	-9.274735e-02
5.355764451462460e-03	-9.277152e-02
5.356069627243710e-03	-9.282008e-02
5.356679978806210e-03	-9.291421e-02
5.357097519221871e-03	-9.296955e-02
5.357316089229254e-03	-9.297545e-02
5.357443334867366e-03	-9.294084e-02
5.357567776599681e-03	-9.286429e-02
5.357687389772889e-03	-9.277355e-02
5.357798946456148e-03	-9.268872e-02
5.357905837061186e-03	-9.260745e-02
5.358097063865026e-03	-9.245596e-02
5.358378643443652e-03	-9.221009e-02
5.358941802600903e-03	-9.161038e-02
5.360068120915406e-03	-8.987869e-02
5.362320757544412e-03	-8.243019e-02
5.366231543452707e-03	-5.188125e-02
5.368685447792555e-03	-5.128272e-03
5.370939154564789e-03	6.765785e-02
5.371044343694308e-03	7.216088e-02
5.371254721953347e-03	8.252404e-02
5.371675478471423e-03	1.039024e-01
5.371719188130126e-03	1.061929e-01
5.371806607447530e-03	1.109017e-01
5.371981446082338e-03	1.204375e-01
5.372025155741041e-03	1.228554e-01
5.372112575058445e-03	1.277494e-01
5.372195679834595e-03	1.324294e-01
5.372266322132475e-03	1.364219e-01
5.372345863157438e-03	1.409154e-01
5.372400490539018e-03	1.439921e-01
5.372464768981781e-03	1.475965e-01
5.372543471493126e-03	1.519858e-01
5.372649443263329e-03	1.578520e-01
5.372795875773168e-03	1.658753e-01
5.372994790280521e-03	1.766141e-01
5.373296593742171e-03	1.925552e-01
5.373735342854889e-03	2.148663e-01
5.374443585727187e-03	2.460771e-01
5.375635739100260e-03	2.805191e-01
5.376901066571701e-03	2.939288e-01
5.378023406968398e-03	2.939335e-01
5.379540867224048e-03	2.913595e-01
5.381145355091415e-03	2.890206e-01
5.384354330826149e-03	2.843555e-01
5.390581450292946e-03	2.757588e-01
5.400347075292946e-03	2.630334e-01
5.410112700292946e-03	2.512186e-01
5.419878325292946e-03	2.403402e-01
5.429643950292946e-03	2.303376e-01
5.439409575292945e-03	2.211522e-01
5.449175200292945e-03	2.127315e-01
5.458940825292945e-03	2.050245e-01
5.468706450292945e-03	1.979848e-01
5.478472075292944e-03	1.915677e-01
5.488237700292944e-03	1.857324e-01
5.498003325292944e-03	1.804395e-01
5.507768950292944e-03	1.756531e-01
5.517534575292944e-03	1.713385e-01
5.527300200292943e-03	1.674642e-01
5.537065825292943e-03	1.639997e-01
5.546831450292943e-03	1.609173e-01
5.556597075292943e-03	1.581902e-01
5.566362700292943e-03	1.557941e-01
5.576128325292942e-03	1.537054e-01
5.585893950292942e-03	1.519028e-01
5.595659575292942e-03	1.503655e-01
5.605425200292942e-03	1.490749e-01
5.615190825292942e-03	1.480127e-01
5.624956450292941e-03	1.471625e-01
5.634722075292941e-03	1.465085e-01
5.644487700292941e-03	1.460361e-01
5.654253325292941e-03	1.457315e-01
5.664018950292941e-03	1.455819e-01
5.673784575292940e-03	1.455753e-01
5.683550200292940e-03	1.457004e-01
5.693315825292940e-03	1.459467e-01
5.703081450292940e-03	1.463044e-01
5.712847075292939e-03	1.467643e-01
5.722612700292939e-03	1.473177e-01
5.732378325292939e-03	1.479567e-01
5.742143950292939e-03	1.486737e-01
5.751909575292939e-03	1.494617e-01
5.761675200292938e-03	1.503142e-01
5.771440825292938e-03	1.512251e-01
5.781206450292938e-03	1.521886e-01
5.790972075292938e-03	1.531995e-01
5.800737700292938e-03	1.542528e-01
5.810503325292937e-03	1.553438e-01
5.820268950292937e-03	1.564684e-01
5.830034575292937e-03	1.576224e-01
5.839800200292937e-03	1.588021e-01
5.849565825292937e-03	1.600040e-01
5.859331450292936e-03	1.612251e-01
5.869097075292936e-03	1.624621e-01
5.878862700292936e-03	1.637124e-01
5.888628325292936e-03	1.649734e-01
5.898393950292936e-03	1.662427e-01
5.908159575292935e-03	1.675181e-01
5.917925200292935e-03	1.687974e-01
5.927690825292935e-03	1.700789e-01
5.937456450292935e-03	1.713607e-01
5.947222075292934e-03	1.726413e-01
5.956987700292934e-03	1.739192e-01
5.966753325292934e-03	1.751929e-01
5.976518950292934e-03	1.764612e-01
5.986284575292934e-03	1.777229e-01
5.996050200292933e-03	1.789791e-01
5.996507963964808e-03	1.790377e-01
5.997118315527308e-03	1.791156e-01
5.998339018652308e-03	1.792709e-01
5.999207981566882e-03	1.793798e-01
5.999901476555857e-03	1.794457e-01
6.000241866506262e-03	1.793760e-01
6.000429500390895e-03	1.791901e-01
6.000514603132704e-03	1.790420e-01
6.000570858952567e-03	1.789311e-01
6.000622110223098e-03	1.788274e-01
6.000674961888506e-03	1.787153e-01
6.000756317924105e-03	1.785333e-01
6.000919029995303e-03	1.781342e-01
6.001244454137698e-03	1.771884e-01
6.001895302422489e-03	1.745622e-01
6.003196998992071e-03	1.644020e-01
6.005468970826210e-03	1.270950e-01
6.007437003818905e-03	6.077678e-02
6.009687963985415e-03	-5.460679e-02
6.009687973407757e-03	-5.460740e-02
6.009687992252440e-03	-5.460874e-02
6.009688029941806e-03	-5.461143e-02
6.009688105320538e-03	-5.461682e-02
6.009726548474004e-03	-5.737337e-02
6.009765142384935e-03	-6.016418e-02
6.009842330206796e-03	-6.581618e-02
6.009996705850519e-03	-7.739969e-02
6.010305457137964e-03	-1.011734e-01
6.010382644959826e-03	-1.072798e-01
6.010537020603548e-03	-1.197330e-01
6.010607218682227e-03	-1.254218e-01
6.010673060078854e-03	-1.307593e-01
6.010724853705620e-03	-1.349396e-01
6.010785568636321e-03	-1.398094e-01
6.010863361766666e-03	-1.459930e-01
6.010967596132505e-03	-1.541447e-01
6.011122080140860e-03	-1.657586e-01
6.011358185756603e-03	-1.808310e-01
6.011825159582474e-03	-1.994205e-01
6.012497704636375e-03	-2.090098e-01
6.013092681346232e-03	-2.094585e-01
6.013912978213657e-03	-2.080572e-01
6.014917048334699e-03	-2.066178e-01
6.016925188576782e-03	-2.036605e-01
6.020941469060947e-03	-1.980677e-01
6.028974030029279e-03	-1.874709e-01
6.038739655029279e-03	-1.754784e-01
6.048505280029278e-03	-1.644823e-01
6.058270905029278e-03	-1.543498e-01
6.063051826799913e-03	-1.497168e-01
6.066544660106402e-03	-1.465037e-01
6.069295823395651e-03	-1.440612e-01
6.072417026653074e-03	-1.413840e-01
6.076708899337299e-03	-1.378456e-01
6.082113258134868e-03	-1.336136e-01
6.089304638135007e-03	-1.283617e-01
6.099070263135007e-03	-1.218203e-01
6.108835888135006e-03	-1.159119e-01
6.118601513135006e-03	-1.106392e-01
6.128367138135006e-03	-1.059587e-01
6.147898388135006e-03	-9.821260e-02
6.167429638135005e-03	-9.237599e-02
6.177195263135005e-03	-9.009076e-02
6.186960888135005e-03	-8.818748e-02
6.196726513135005e-03	-8.663844e-02
6.206492138135004e-03	-8.541772e-02
6.216257763135004e-03	-8.450102e-02
6.226023388135004e-03	-8.386561e-02
6.235789013135004e-03	-8.349019e-02
6.245554638135004e-03	-8.335485e-02
6.255320263135003e-03	-8.344096e-02
6.265085888135003e-03	-8.373109e-02
6.274851513135003e-03	-8.420890e-02
6.284617138135003e-03	-8.485917e-02
6.294382763135003e-03	-8.566764e-02
6.304148388135002e-03	-8.662099e-02
6.313914013135002e-03	-8.770677e-02
6.323679638135002e-03	-8.891334e-02
6.333445263135002e-03	-9.022985e-02
6.343210888135001e-03	-9.164613e-02
6.352976513135001e-03	-9.313525e-02
6.354197216260001e-03	-9.332777e-02
6.356638622510001e-03	-9.371954e-02
6.358375229146610e-03	-9.399841e-02
6.358429498104004e-03	-9.400707e-02
6.358538036018792e-03	-9.402417e-02
6.358755111848368e-03	-9.405739e-02
6.359040234831018e-03	-9.409730e-02
6.359226149127413e-03	-9.411907e-02
6.359244065554786e-03	-9.412043e-02
6.359279898409532e-03	-9.412088e-02
6.359337840567569e-03	-9.411456e-02
6.359399912257009e-03	-9.409326e-02
6.359462019140292e-03	-9.405459e-02
6.359527205748124e-03	-9.400249e-02
6.359591303367178e-03	-9.394874e-02
6.359678851714160e-03	-9.387673e-02
6.359811329184677e-03	-9.376880e-02
6.360076284125710e-03	-9.354264e-02
6.360606194007777e-03	-9.301105e-02
6.361666013771912e-03	-9.151237e-02
6.363785653300180e-03	-8.511604e-02
6.367866283301245e-03	-5.643967e-02
6.370319704191150e-03	-1.235978e-02
6.372805887814482e-03	6.509191e-02
6.372919136614661e-03	6.985295e-02
6.373145634215018e-03	8.096574e-02
6.373598629415734e-03	1.039468e-01
6.373650718621441e-03	1.066797e-01
6.373754897032854e-03	1.123147e-01
6.373963253855679e-03	1.237498e-01
6.374015343061386e-03	1.266541e-01
6.374119521472799e-03	1.325320e-01
6.374192266941739e-03	1.366497e-01
6.374278419246765e-03	1.415296e-01
6.374322953093199e-03	1.440450e-01
6.374394424959193e-03	1.480654e-01
6.374465759007800e-03	1.520573e-01
6.374568712343875e-03	1.577776e-01
6.374705550794205e-03	1.653077e-01
6.374894020914680e-03	1.755363e-01
6.375172429402310e-03	1.903405e-01
6.375585551478996e-03	2.115743e-01
6.376229233843293e-03	2.413202e-01
6.377253210671054e-03	2.738897e-01
6.378687991896543e-03	2.916654e-01
6.380045871841706e-03	2.924830e-01
6.381490056555289e-03	2.900613e-01
6.383036111351146e-03	2.879404e-01
6.386128220942859e-03	2.834097e-01
6.390860622141604e-03	2.768106e-01
6.400325424539093e-03	2.643253e-01
6.410091049539093e-03	2.523220e-01
6.419856674539093e-03	2.412601e-01
6.429622299539093e-03	2.310891e-01
6.439387924539092e-03	2.217476e-01
6.449153549539092e-03	2.131826e-01
6.458919174539092e-03	2.053421e-01
6.468684799539092e-03	1.981792e-01
6.478450424539092e-03	1.916483e-01
6.488216049539091e-03	1.857082e-01
6.497981674539091e-03	1.803187e-01
6.507747299539091e-03	1.754436e-01
6.517512924539091e-03	1.710475e-01
6.527278549539091e-03	1.670985e-01
6.537044174539090e-03	1.635657e-01
6.546809799539090e-03	1.604210e-01
6.556575424539090e-03	1.576371e-01
6.566341049539090e-03	1.551893e-01
6.576106674539089e-03	1.530538e-01
6.585872299539089e-03	1.512088e-01
6.595637924539089e-03	1.496334e-01
6.605403549539089e-03	1.483086e-01
6.615169174539089e-03	1.472159e-01
6.624934799539088e-03	1.463386e-01
6.634700424539088e-03	1.456606e-01
6.644466049539088e-03	1.451672e-01
6.654231674539088e-03	1.448443e-01
6.663997299539088e-03	1.446790e-01
6.673762924539087e-03	1.446590e-01
6.683528549539087e-03	1.447730e-01
6.693294174539087e-03	1.450102e-01
6.703059799539087e-03	1.453607e-01
6.712825424539087e-03	1.458151e-01
6.722591049539086e-03	1.463647e-01
6.732356674539086e-03	1.470013e-01
6.742122299539086e-03	1.477174e-01
6.751887924539086e-03	1.485058e-01
6.761653549539086e-03	1.493598e-01
6.771419174539085e-03	1.502733e-01
6.781184799539085e-03	1.512405e-01
6.790950424539085e-03	1.522560e-01
6.800716049539085e-03	1.533146e-01
6.810481674539084e-03	1.544119e-01
6.820247299539084e-03	1.555433e-01
6.830012924539084e-03	1.567048e-01
6.839778549539084e-03	1.578926e-01
6.849544174539084e-03	1.591032e-01
6.859309799539083e-03	1.603334e-01
6.869075424539083e-03	1.615800e-01
6.878841049539083e-03	1.628403e-01
6.888606674539083e-03	1.641116e-01
6.898372299539083e-03	1.653915e-01
6.908137924539082e-03	1.666778e-01
6.917903549539082e-03	1.679683e-01
6.927669174539082e-03	1.692611e-01
6.937434799539082e-03	1.705545e-01
6.947200424539082e-03	1.718467e-01
6.956966049539081e-03	1.731364e-01
6.966731674539081e-03	1.744220e-01
6.976497299539081e-03	1.757024e-01
6.986262924539081e-03	1.769761e-01
6.996181137429705e-03	1.782639e-01
6.996486313210955e-03	1.783032e-01
6.997096664773455e-03	1.783815e-01
6.998219300163359e-03	1.785212e-01
6.998900439416353e-03	1.784981e-01
6.999241162844139e-03	1.782544e-01
6.999472672837924e-03	1.778690e-01
6.999719672606215e-03	1.773051e-01
7.000064334548247e-03	1.763791e-01
7.000403003401380e-03	1.752764e-01
7.000967656742592e-03	1.729036e-01
7.001806046028582e-03	1.676419e-01
7.003198879911516e-03	1.516335e-01
7.005023223054386e-03	1.104669e-01
7.006967418105066e-03	3.060406e-02
7.009055766355674e-03	-9.101745e-02
7.009055841829454e-03	-9.102327e-02
7.009057351305053e-03	-9.113997e-02
7.009081502914636e-03	-9.301188e-02
7.009107264631526e-03	-9.501841e-02
7.009158788065305e-03	-9.906130e-02
7.009261834932864e-03	-1.072335e-01
7.009373850712235e-03	-1.162000e-01
7.009383085470117e-03	-1.169464e-01
7.009395398480626e-03	-1.179436e-01
7.009420024501644e-03	-1.199396e-01
7.009469276543681e-03	-1.239324e-01
7.009529507915170e-03	-1.288093e-01
7.009575046336823e-03	-1.324852e-01
7.009630814078200e-03	-1.369656e-01
7.009694806689622e-03	-1.420724e-01
7.009782621423742e-03	-1.490055e-01
7.009902434124527e-03	-1.582776e-01
7.010069844257997e-03	-1.705974e-01
7.010316720428941e-03	-1.860527e-01
7.010691060454709e-03	-2.009135e-01
7.011281100845113e-03	-2.096011e-01
7.011920796041344e-03	-2.104186e-01
7.012659667134152e-03	-2.091936e-01
7.013670050729175e-03	-2.077107e-01
7.015690817919221e-03	-2.047700e-01
7.019732352299312e-03	-1.991384e-01
7.027815421059495e-03	-1.884525e-01
7.037581046059495e-03	-1.764367e-01
7.047346671059495e-03	-1.654191e-01
7.057112296059495e-03	-1.552760e-01
7.062346167741857e-03	-1.501999e-01
7.065415015001227e-03	-1.473748e-01
7.068334706033121e-03	-1.447828e-01
7.071546803213800e-03	-1.420207e-01
7.074921155495386e-03	-1.392238e-01
7.079952487388892e-03	-1.352335e-01
7.085441722837074e-03	-1.311202e-01
7.093387063554284e-03	-1.255970e-01
7.103152688554284e-03	-1.193937e-01
7.112918313554283e-03	-1.138141e-01
7.122683938554283e-03	-1.088469e-01
7.142215188554283e-03	-1.005836e-01
7.161746438554282e-03	-9.429696e-02
7.171512063554282e-03	-9.180932e-02
7.181277688554282e-03	-8.971744e-02
7.191043313554282e-03	-8.799277e-02
7.200808938554282e-03	-8.660856e-02
7.210574563554281e-03	-8.553976e-02
7.220340188554281e-03	-8.476290e-02
7.230105813554281e-03	-8.425605e-02
7.239871438554281e-03	-8.399864e-02
7.249637063554281e-03	-8.397144e-02
7.259402688554280e-03	-8.415647e-02
7.269168313554280e-03	-8.453690e-02
7.278933938554280e-03	-8.509698e-02
7.288699563554280e-03	-8.582201e-02
7.298465188554279e-03	-8.669823e-02
7.308230813554279e-03	-8.771279e-02
7.317996438554279e-03	-8.885366e-02
7.327762063554279e-03	-9.010966e-02
7.337527688554279e-03	-9.147029e-02
7.347293313554278e-03	-9.292562e-02
7.357058938554278e-03	-9.444740e-02
7.357116159013263e-03	-9.445660e-02
7.357345040849200e-03	-9.449361e-02
7.357650216630450e-03	-9.454309e-02
7.358260568192950e-03	-9.464219e-02
7.359481271317950e-03	-9.483979e-02
7.360351777294671e-03	-9.497638e-02
7.360818053036632e-03	-9.502305e-02
7.361078976282479e-03	-9.497506e-02
7.361320186060659e-03	-9.482937e-02
7.361436202954799e-03	-9.473465e-02
7.361527883253626e-03	-9.465957e-02
7.361622656881346e-03	-9.458260e-02
7.361709010263728e-03	-9.451044e-02
7.361842035152519e-03	-9.439537e-02
7.362050187366769e-03	-9.420183e-02
7.362466491795268e-03	-9.375621e-02
7.363299100652268e-03	-9.259354e-02
7.364964318366267e-03	-8.856426e-02
7.368294753794266e-03	-7.206827e-02
7.370735307962402e-03	-4.247867e-02
7.373091415533348e-03	2.015083e-02
7.375709383524834e-03	1.260145e-01
7.375709394962073e-03	1.260151e-01
7.375709417836551e-03	1.260164e-01
7.375709463585508e-03	1.260189e-01
7.375709555083421e-03	1.260241e-01
7.375709738079247e-03	1.260343e-01
7.375721083820468e-03	1.266718e-01
7.375732795553341e-03	1.273307e-01
7.375803065950580e-03	1.313012e-01
7.375872085314918e-03	1.352180e-01
7.375941556788141e-03	1.391664e-01
7.376006728754768e-03	1.428668e-01
7.376064082510857e-03	1.461134e-01
7.376128287624229e-03	1.497324e-01
7.376208325781631e-03	1.542190e-01
7.376313271556949e-03	1.600581e-01
7.376459816678668e-03	1.681285e-01
7.376658633719581e-03	1.789169e-01
7.376958192161012e-03	1.948175e-01
7.377397938787619e-03	2.172519e-01
7.378097655245580e-03	2.480867e-01
7.379201184181745e-03	2.794847e-01
7.380441445708094e-03	2.920739e-01
7.381497091204978e-03	2.920147e-01
7.382977605995282e-03	2.894917e-01
7.384563339412619e-03	2.871821e-01
7.387734806247292e-03	2.825668e-01
7.394077739916637e-03	2.737914e-01
7.403843364916637e-03	2.610464e-01
7.413608989916637e-03	2.492160e-01
7.423374614916637e-03	2.383254e-01
7.433140239916636e-03	2.283138e-01
7.442905864916636e-03	2.191226e-01
7.452671489916636e-03	2.106990e-01
7.462437114916636e-03	2.029918e-01
7.472202739916636e-03	1.959545e-01
7.481968364916635e-03	1.895422e-01
7.491733989916635e-03	1.837137e-01
7.501499614916635e-03	1.784296e-01
7.511265239916635e-03	1.736537e-01
7.521030864916635e-03	1.693514e-01
7.530796489916634e-03	1.654908e-01
7.540562114916634e-03	1.620415e-01
7.550327739916634e-03	1.589754e-01
7.560093364916634e-03	1.562659e-01
7.569858989916634e-03	1.538883e-01
7.579624614916633e-03	1.518191e-01
7.589390239916633e-03	1.500367e-01
7.599155864916633e-03	1.485205e-01
7.608921489916633e-03	1.472515e-01
7.618687114916632e-03	1.462117e-01
7.628452739916632e-03	1.453843e-01
7.638218364916632e-03	1.447536e-01
7.647983989916632e-03	1.443049e-01
7.657749614916632e-03	1.440243e-01
7.667515239916631e-03	1.438990e-01
7.677280864916631e-03	1.439169e-01
7.687046489916631e-03	1.440667e-01
7.696812114916631e-03	1.443379e-01
7.706577739916631e-03	1.447206e-01
7.716343364916630e-03	1.452055e-01
7.726108989916630e-03	1.457840e-01
7.735874614916630e-03	1.464481e-01
7.745640239916630e-03	1.471902e-01
7.755405864916630e-03	1.480032e-01
7.765171489916629e-03	1.488807e-01
7.774937114916629e-03	1.498164e-01
7.784702739916629e-03	1.508047e-01
7.794468364916629e-03	1.518402e-01
7.804233989916629e-03	1.529180e-01
7.813999614916628e-03	1.540334e-01
7.823765239916628e-03	1.551821e-01
7.833530864916628e-03	1.563600e-01
7.843296489916628e-03	1.575635e-01
7.853062114916627e-03	1.587890e-01
7.862827739916627e-03	1.600334e-01
7.872593364916627e-03	1.612936e-01
7.882358989916627e-03	1.625668e-01
7.892124614916627e-03	1.638504e-01
7.901890239916626e-03	1.651420e-01
7.911655864916626e-03	1.664395e-01
7.921421489916626e-03	1.677407e-01
7.931187114916626e-03	1.690438e-01
7.940952739916626e-03	1.703470e-01
7.950718364916625e-03	1.716487e-01
7.960483989916625e-03	1.729473e-01
7.970249614916625e-03	1.742415e-01
7.980015239916625e-03	1.755301e-01
7.989780864916625e-03	1.768136e-01
7.991001568041625e-03	1.769734e-01
7.993442974291625e-03	1.772923e-01
7.995183043626978e-03	1.775190e-01
7.996615584995615e-03	1.777049e-01
7.996876047062638e-03	1.777384e-01
7.997223329818672e-03	1.777823e-01
7.997517712554015e-03	1.778185e-01
7.997748231869628e-03	1.778435e-01
7.997927652774843e-03	1.778508e-01
7.998012659646874e-03	1.778262e-01
7.998082255231527e-03	1.777647e-01
7.998116122444972e-03	1.777162e-01
7.998155248560079e-03	1.776502e-01
7.998200455996854e-03	1.775706e-01
7.998290870870405e-03	1.774007e-01
7.998471700617509e-03	1.770214e-01
7.998833360111715e-03	1.760950e-01
7.999556679100127e-03	1.734055e-01
8.001003317076949e-03	1.629494e-01
8.003194456917898e-03	1.294698e-01
8.005092641847573e-03	6.881855e-02
8.007403668745911e-03	-4.409885e-02
8.007403695956025e-03	-4.410065e-02
8.007403732236178e-03	-4.410315e-02
8.007403949917094e-03	-4.411814e-02
8.007477961428632e-03	-4.925786e-02
8.007552263181393e-03	-5.450374e-02
8.007700866686913e-03	-6.525339e-02
8.007998073697953e-03	-8.731512e-02
8.008072375450714e-03	-9.298915e-02
8.008220978956234e-03	-1.046273e-01
8.008364540867395e-03	-1.160158e-01
8.008377413014160e-03	-1.170482e-01
8.008403157307688e-03	-1.191253e-01
8.008454645894747e-03	-1.232815e-01
8.008557623068865e-03	-1.315861e-01
8.008590295479373e-03	-1.342114e-01
8.008655640300389e-03	-1.394340e-01
8.008718553804164e-03	-1.444256e-01
8.008816814342476e-03	-1.521266e-01
8.008941942991525e-03	-1.616947e-01
8.009131391689661e-03	-1.752709e-01
8.009394684670053e-03	-1.900771e-01
8.009901927832002e-03	-2.053482e-01
8.010619308726326e-03	-2.111377e-01
8.011368109321165e-03	-2.105061e-01
8.012154154159406e-03	-2.092100e-01
8.013726243835891e-03	-2.069608e-01
8.016696149051161e-03	-2.027245e-01
8.022635959481699e-03	-1.946625e-01
8.032401584481699e-03	-1.822286e-01
8.042167209481699e-03	-1.707592e-01
8.051932834481699e-03	-1.602977e-01
8.061698459481698e-03	-1.506477e-01
8.065642472531637e-03	-1.470097e-01
8.069819340974249e-03	-1.433603e-01
8.073384746732535e-03	-1.403649e-01
8.077177864076595e-03	-1.373137e-01
8.082542986910085e-03	-1.331941e-01
8.087773844542937e-03	-1.294001e-01
8.095028960530715e-03	-1.244965e-01
8.103425221716705e-03	-1.192813e-01
8.113190846716705e-03	-1.137959e-01
8.122956471716705e-03	-1.088939e-01
8.142487721716704e-03	-1.007457e-01
8.162018971716704e-03	-9.455588e-02
8.171784596716703e-03	-9.211057e-02
8.181550221716703e-03	-9.005733e-02
8.191315846716703e-03	-8.836783e-02
8.201081471716703e-03	-8.701557e-02
8.210847096716703e-03	-8.597569e-02
8.220612721716702e-03	-8.522496e-02
8.230378346716702e-03	-8.474158e-02
8.240143971716702e-03	-8.450522e-02
8.249909596716702e-03	-8.449679e-02
8.259675221716702e-03	-8.469847e-02
8.269440846716701e-03	-8.509356e-02
8.279206471716701e-03	-8.566648e-02
8.288972096716701e-03	-8.640262e-02
8.298737721716701e-03	-8.728837e-02
8.308503346716701e-03	-8.831097e-02
8.318268971716700e-03	-8.945854e-02
8.328034596716700e-03	-9.071993e-02
8.337800221716700e-03	-9.208478e-02
8.347565846716700e-03	-9.354333e-02
8.357331471716700e-03	-9.506993e-02
8.358552174841700e-03	-9.526654e-02
8.360993581091700e-03	-9.566533e-02
8.361363191857284e-03	-9.572472e-02
8.362102413388452e-03	-9.584054e-02
8.362152961757423e-03	-9.584796e-02
8.362254058495366e-03	-9.586107e-02
8.362359670753600e-03	-9.587140e-02
8.362441983271525e-03	-9.587241e-02
8.362512431644480e-03	-9.585884e-02
8.362585663990093e-03	-9.582370e-02
8.362635579753095e-03	-9.578763e-02
8.362694794150288e-03	-9.573867e-02
8.362780396515442e-03	-9.566801e-02
8.362872933668617e-03	-9.559298e-02
8.363058007974966e-03	-9.544112e-02
8.363428156587664e-03	-9.510712e-02
8.364168453813060e-03	-9.425823e-02
8.365649048263852e-03	-9.150957e-02
8.368610237165439e-03	-7.989340e-02
8.371699272332370e-03	-5.016776e-02
8.374141712482840e-03	5.383932e-03
8.376789000951314e-03	1.022056e-01
8.376793959679158e-03	1.024388e-01
8.376863381868953e-03	1.061149e-01
8.376942721514435e-03	1.103736e-01
8.377101400805397e-03	1.190636e-01
8.377418759387321e-03	1.367542e-01
8.377420520466321e-03	1.368544e-01
8.377455742046304e-03	1.388635e-01
8.377493311731619e-03	1.410040e-01
8.377568451102251e-03	1.452770e-01
8.377622810391392e-03	1.483574e-01
8.377706743403705e-03	1.530911e-01
8.377786006343329e-03	1.575342e-01
8.377902857810674e-03	1.640300e-01
8.378060930200847e-03	1.727192e-01
8.378283137037134e-03	1.847349e-01
8.378611692021925e-03	2.020561e-01
8.379113257294693e-03	2.271114e-01
8.379886609148374e-03	2.587475e-01
8.380970554541511e-03	2.841153e-01
8.382155854134373e-03	2.917487e-01
8.383171690684145e-03	2.907723e-01
8.384549204874510e-03	2.885490e-01
8.386741975155158e-03	2.853586e-01
8.390746951998174e-03	2.795937e-01
8.398756905684207e-03	2.686904e-01
8.408522530684207e-03	2.562364e-01
8.418288155684206e-03	2.447184e-01
8.428053780684206e-03	2.341203e-01
8.437819405684206e-03	2.243825e-01
8.447585030684206e-03	2.154486e-01
8.457350655684205e-03	2.072662e-01
8.467116280684205e-03	1.997857e-01
8.476881905684205e-03	1.929608e-01
8.486647530684205e-03	1.867479e-01
8.496413155684205e-03	1.811064e-01
8.506178780684204e-03	1.759979e-01
8.515944405684204e-03	1.713866e-01
8.525710030684204e-03	1.672389e-01
8.535475655684204e-03	1.635231e-01
8.545241280684204e-03	1.602098e-01
8.555006905684203e-03	1.572711e-01
8.564772530684203e-03	1.546812e-01
8.574538155684203e-03	1.524156e-01
8.584303780684203e-03	1.504516e-01
8.594069405684203e-03	1.487678e-01
8.603835030684202e-03	1.473440e-01
8.613600655684202e-03	1.461616e-01
8.623366280684202e-03	1.452029e-01
8.633131905684202e-03	1.444516e-01
8.642897530684202e-03	1.438922e-01
8.652663155684201e-03	1.435102e-01
8.662428780684201e-03	1.432922e-01
8.672194405684201e-03	1.432255e-01
8.681960030684201e-03	1.432982e-01
8.691725655684200e-03	1.434994e-01
8.701491280684200e-03	1.438187e-01
8.711256905684200e-03	1.442464e-01
8.721022530684200e-03	1.447734e-01
8.730788155684200e-03	1.453914e-01
8.740553780684199e-03	1.460923e-01
8.750319405684199e-03	1.468689e-01
8.760085030684199e-03	1.477142e-01
8.769850655684199e-03	1.486218e-01
8.779616280684199e-03	1.495857e-01
8.789381905684198e-03	1.506003e-01
8.799147530684198e-03	1.516604e-01
8.808913155684198e-03	1.527611e-01
8.818678780684198e-03	1.538979e-01
8.828444405684198e-03	1.550666e-01
8.838210030684197e-03	1.562632e-01
8.847975655684197e-03	1.574840e-01
8.857741280684197e-03	1.587258e-01
8.867506905684197e-03	1.599852e-01
8.877272530684197e-03	1.612594e-01
8.887038155684196e-03	1.625457e-01
8.896803780684196e-03	1.638415e-01
8.906569405684196e-03	1.651445e-01
8.916335030684196e-03	1.664525e-01
8.926100655684195e-03	1.677635e-01
8.935866280684195e-03	1.690756e-01
8.945631905684195e-03	1.703872e-01
8.955397530684195e-03	1.716966e-01
8.965163155684195e-03	1.730024e-01
8.974928780684194e-03	1.743033e-01
8.984694405684194e-03	1.755978e-01
8.994460030684194e-03	1.768866e-01
8.994917794356069e-03	1.769467e-01
8.995528145918568e-03	1.770260e-01
8.996381035348219e-03	1.771342e-01
8.996804190333597e-03	1.771685e-01
8.997045818437842e-03	1.771161e-01
8.997177689499824e-03	1.769951e-01
8.997237167778284e-03	1.769011e-01
8.997282707342487e-03	1.768194e-01
8.997331731307347e-03	1.767297e-01
8.997387279809425e-03	1.766233e-01
8.997498376813580e-03	1.763950e-01
8.997720570821892e-03	1.758788e-01
8.998164958838515e-03	1.745813e-01
8.999053734871762e-03	1.704900e-01
9.000831286938257e-03	1.551266e-01
9.002609318711165e-03	1.231800e-01
9.004466917979374e-03	5.801211e-02
9.006612107600178e-03	-5.181642e-02
9.006612138476944e-03	-5.181852e-02
9.006612179645965e-03	-5.182140e-02
9.006612261984008e-03	-5.182717e-02
9.006654254385927e-03	-5.478252e-02
9.006696411463932e-03	-5.777697e-02
9.006780725619942e-03	-6.384841e-02
9.006949353931960e-03	-7.631937e-02
9.007286610556000e-03	-1.019736e-01
9.007370924712009e-03	-1.085779e-01
9.007539553024028e-03	-1.220647e-01
9.007611186748201e-03	-1.278197e-01
9.007675762221090e-03	-1.330062e-01
9.007741756131461e-03	-1.382802e-01
9.007801413749916e-03	-1.430140e-01
9.007890602162668e-03	-1.500173e-01
9.008005493067009e-03	-1.588489e-01
9.008200413778077e-03	-1.728578e-01
9.008523521094981e-03	-1.903677e-01
9.009169735728790e-03	-2.076139e-01
9.009906753597694e-03	-2.119667e-01
9.010761031811055e-03	-2.107523e-01
9.011562645386505e-03	-2.095131e-01
9.013165872537409e-03	-2.071810e-01
9.016372326839215e-03	-2.026441e-01
9.022785235442829e-03	-1.939926e-01
9.032550860442828e-03	-1.816495e-01
9.042316485442828e-03	-1.702778e-01
9.052082110442828e-03	-1.599068e-01
9.061847735442828e-03	-1.503414e-01
9.065782095596036e-03	-1.467446e-01
9.069991071462571e-03	-1.431020e-01
9.073710158757745e-03	-1.400094e-01
9.077587476710513e-03	-1.369256e-01
9.083070744329165e-03	-1.327686e-01
9.088432473081571e-03	-1.289341e-01
9.095779803499853e-03	-1.240451e-01
9.104297117954546e-03	-1.188439e-01
9.114062742954546e-03	-1.134573e-01
9.123828367954546e-03	-1.086488e-01
9.133593992954546e-03	-1.043983e-01
9.143359617954545e-03	-1.006670e-01
9.162890867954545e-03	-9.461868e-02
9.172656492954545e-03	-9.223579e-02
9.182422117954545e-03	-9.023990e-02
9.192187742954544e-03	-8.860300e-02
9.201953367954544e-03	-8.729891e-02
9.211718992954544e-03	-8.630306e-02
9.221484617954544e-03	-8.559248e-02
9.231250242954544e-03	-8.514565e-02
9.241015867954543e-03	-8.494246e-02
9.250781492954543e-03	-8.496404e-02
9.260547117954543e-03	-8.519280e-02
9.270312742954543e-03	-8.561224e-02
9.280078367954542e-03	-8.620694e-02
9.289843992954542e-03	-8.696249e-02
9.299609617954542e-03	-8.786543e-02
9.309375242954542e-03	-8.890317e-02
9.319140867954542e-03	-9.006393e-02
9.328906492954541e-03	-9.133675e-02
9.338672117954541e-03	-9.271136e-02
9.348437742954541e-03	-9.417814e-02
9.358203367954541e-03	-9.570950e-02
9.358661131626415e-03	-9.578404e-02
9.359271483188915e-03	-9.588394e-02
9.360492186313915e-03	-9.608394e-02
9.362933592563915e-03	-9.644876e-02
9.363878865665481e-03	-9.654048e-02
9.363888458423324e-03	-9.653987e-02
9.363907643939011e-03	-9.653447e-02
9.363940299604790e-03	-9.651859e-02
9.363974605920837e-03	-9.649494e-02
9.364020076369328e-03	-9.645782e-02
9.364079559416314e-03	-9.640735e-02
9.364147921071634e-03	-9.635011e-02
9.364257657052641e-03	-9.625981e-02
9.364477129014653e-03	-9.607510e-02
9.364916072938677e-03	-9.565849e-02
9.365793960786727e-03	-9.455228e-02
9.367549736482827e-03	-9.056142e-02
9.371061287875028e-03	-7.360203e-02
9.373620385236711e-03	-4.257438e-02
9.376028081791318e-03	2.191889e-02
9.378666819868806e-03	1.295695e-01
9.378669069423067e-03	1.296924e-01
9.378678067640112e-03	1.302004e-01
9.378690065262837e-03	1.308786e-01
9.378762050999190e-03	1.349644e-01
9.378827758195095e-03	1.387086e-01
9.378896918942494e-03	1.426547e-01
9.378960104018211e-03	1.462557e-01
9.379018150106387e-03	1.495537e-01
9.379083137780171e-03	1.532303e-01
9.379163715970112e-03	1.577636e-01
9.379269415021233e-03	1.636657e-01
9.379416438412197e-03	1.717906e-01
9.379617270431167e-03	1.827246e-01
9.379916883183102e-03	1.986723e-01
9.380362259972881e-03	2.213754e-01
9.381060383740824e-03	2.513017e-01
9.382187427124959e-03	2.809702e-01
9.383343411428441e-03	2.908935e-01
9.384362863479623e-03	2.903569e-01
9.385770328793215e-03	2.880605e-01
9.387557166342283e-03	2.854574e-01
9.391130841440422e-03	2.802380e-01
9.398278191636697e-03	2.703978e-01
9.408043816636697e-03	2.577713e-01
9.417809441636697e-03	2.460707e-01
9.427575066636697e-03	2.353030e-01
9.437340691636696e-03	2.254074e-01
9.447106316636696e-03	2.163271e-01
9.456871941636696e-03	2.080088e-01
9.466637566636696e-03	2.004022e-01
9.476403191636696e-03	1.934606e-01
9.486168816636695e-03	1.871396e-01
9.495934441636695e-03	1.813981e-01
9.505700066636695e-03	1.761972e-01
9.515465691636695e-03	1.715006e-01
9.525231316636695e-03	1.672742e-01
9.534996941636694e-03	1.634860e-01
9.544762566636694e-03	1.601061e-01
9.554528191636694e-03	1.571063e-01
9.564293816636694e-03	1.544602e-01
9.574059441636694e-03	1.521433e-01
9.583825066636693e-03	1.501324e-01
9.593590691636693e-03	1.484057e-01
9.603356316636693e-03	1.469431e-01
9.613121941636693e-03	1.457254e-01
9.622887566636693e-03	1.447348e-01
9.632653191636692e-03	1.439547e-01
9.642418816636692e-03	1.433694e-01
9.652184441636692e-03	1.429643e-01
9.661950066636692e-03	1.427258e-01
9.671715691636691e-03	1.426409e-01
9.681481316636691e-03	1.426977e-01
9.691246941636691e-03	1.428850e-01
9.701012566636691e-03	1.431922e-01
9.710778191636691e-03	1.436097e-01
9.720543816636690e-03	1.441281e-01
9.730309441636690e-03	1.447390e-01
9.740075066636690e-03	1.454343e-01
9.749840691636690e-03	1.462066e-01
9.759606316636690e-03	1.470488e-01
9.769371941636689e-03	1.479544e-01
9.779137566636689e-03	1.489174e-01
9.788903191636689e-03	1.499321e-01
9.798668816636689e-03	1.509931e-01
9.808434441636689e-03	1.520956e-01
9.818200066636688e-03	1.532349e-01
9.827965691636688e-03	1.544067e-01
9.837731316636688e-03	1.556071e-01
9.847496941636688e-03	1.568324e-01
9.857262566636688e-03	1.580791e-01
9.867028191636687e-03	1.593440e-01
9.876793816636687e-03	1.606240e-01
9.886559441636687e-03	1.619166e-01
9.896325066636687e-03	1.632190e-01
9.906090691636686e-03	1.645289e-01
9.915856316636686e-03	1.658442e-01
9.925621941636686e-03	1.671627e-01
9.935387566636686e-03	1.684826e-01
9.945153191636686e-03	1.698021e-01
9.954918816636685e-03	1.711197e-01
9.964684441636685e-03	1.724339e-01
9.974450066636685e-03	1.737432e-01
9.984215691636685e-03	1.750462e-01
9.993981316636685e-03	1.763434e-01
9.994075358564237e-03	1.763558e-01
9.994593942001414e-03	1.764241e-01
9.994931845706155e-03	1.764680e-01
9.995607653115636e-03	1.765518e-01
9.996019168407352e-03	1.765604e-01
9.996225348412605e-03	1.764513e-01
9.996422629975386e-03	1.761890e-01
9.996527640593781e-03	1.759999e-01
9.996607631167966e-03	1.758434e-01
9.996690429338493e-03	1.756737e-01
9.996766636300452e-03	1.755086e-01
9.996880031212147e-03	1.752472e-01
9.997060305897171e-03	1.747883e-01
9.997420855267220e-03	1.736919e-01
9.998141954007316e-03	1.705745e-01
9.999584151487511e-03	1.619613e-01
1.000000000000000e-02	1.587468e-01