time	V(out)
0.000000000000000e+00	9.594417e-29
2.500000029215244e-08	2.669221e-09
5.000000058430487e-08	-1.578476e-09
8.465301730759886e-08	-5.436238e-08
1.204676399714692e-07	-2.230468e-07
1.568501779876442e-07	-6.000755e-07
1.958241358838465e-07	-1.360922e-06
2.460770451044861e-07	-3.089314e-06
3.127949936458409e-07	-7.053583e-06
4.022646407630296e-07	-1.621695e-05
5.215542359477967e-07	-3.727303e-05
6.820080193074421e-07	-8.379023e-05
8.496519446217596e-07	-1.600647e-04
1.040356114886993e-06	-2.903822e-04
1.259786878991267e-06	-5.088712e-04
1.535312675968761e-06	-9.020278e-04
1.869120559173301e-06	-1.579418e-03
2.288645348821112e-06	-2.782136e-03
2.805453383827210e-06	-4.860580e-03
3.457272764074558e-06	-8.508064e-03
4.273087554454261e-06	-1.480154e-02
5.312036609954080e-06	-2.573405e-02
6.635787403886974e-06	-4.450274e-02
8.348631688957851e-06	-7.675646e-02
1.058125876020078e-05	-1.315745e-01
1.354407893458091e-05	-2.184436e-01
1.755514034288295e-05	-3.262335e-01
2.057820587012384e-05	-3.682725e-01
2.386665480623862e-05	-3.758908e-01
2.700294751150853e-05	-3.753736e-01
2.746414323187872e-05	-3.751307e-01
2.838653467261908e-05	-3.742152e-01
2.861713253280417e-05	-3.740433e-01
2.907832825317435e-05	-3.737507e-01
2.919362718326690e-05	-3.736699e-01
2.942422504345199e-05	-3.734874e-01
2.970605023327755e-05	-3.732277e-01
2.989814695277526e-05	-3.729998e-01
3.011657824520986e-05	-3.726692e-01
3.028353109175042e-05	-3.723688e-01
3.048376325417372e-05	-3.719656e-01
3.071789499403541e-05	-3.714626e-01
3.106010513669501e-05	-3.706985e-01
3.152790036552709e-05	-3.696349e-01
3.222367052348820e-05	-3.680461e-01
3.333753287207769e-05	-3.655151e-01
3.535278804524176e-05	-3.609959e-01
3.938329839156992e-05	-3.521716e-01
4.601087644966747e-05	-3.380951e-01
5.061235569153282e-05	-3.286310e-01
5.349327614427326e-05	-3.228852e-01
5.664247884648169e-05	-3.167441e-01
5.864412445987349e-05	-3.129153e-01
6.147914072902994e-05	-3.076220e-01
6.714917326734283e-05	-2.973529e-01
7.387556764148910e-05	-2.856960e-01
8.364119264148910e-05	-2.697062e-01
9.340681764148909e-05	-2.547141e-01
1.031724426414891e-04	-2.407428e-01
1.129380676414891e-04	-2.277273e-01
1.227036926414891e-04	-2.156067e-01
1.324693176414891e-04	-2.043237e-01
1.422349426414891e-04	-1.938249e-01
1.520005676414891e-04	-1.840599e-01
1.617661926414891e-04	-1.749817e-01
1.715318176414891e-04	-1.665463e-01
1.812974426414891e-04	-1.587120e-01
1.910630676414891e-04	-1.514404e-01
2.008286926414891e-04	-1.446949e-01
2.105943176414892e-04	-1.384415e-01
2.203599426414892e-04	-1.326483e-01
2.301255676414892e-04	-1.272855e-01
2.398911926414892e-04	-1.223249e-01
2.496568176414892e-04	-1.177402e-01
2.594224426414892e-04	-1.135069e-01
2.691880676414892e-04	-1.096020e-01
2.789536926414892e-04	-1.060037e-01
2.887193176414892e-04	-1.026871e-01
2.984849426414892e-04	-9.956624e-02
2.985040161278173e-04	-9.956036e-02
2.985421631004736e-04	-9.954874e-02
2.986184570457861e-04	-9.952523e-02
2.987710449364111e-04	-9.947632e-02
2.990762207176611e-04	-9.937006e-02
2.992479793738118e-04	-9.929383e-02
2.993811575515392e-04	-9.919540e-02
2.995120068953217e-04	-9.904142e-02
2.995827577022401e-04	-9.893483e-02
2.996670455224406e-04	-9.880431e-02
2.997997987739449e-04	-9.861676e-02
2.999231603423962e-04	-9.846102e-02
3.001698834792989e-04	-9.818415e-02
3.006633297531042e-04	-9.767339e-02
3.016502223007148e-04	-9.666248e-02
3.036240073959361e-04	-9.448522e-02
3.075715775863787e-04	-8.938112e-02
3.154667179672638e-04	-7.593627e-02
3.252323429672638e-04	-4.730602e-02
3.349979679672638e-04	1.626415e-02
3.433550654890103e-04	1.323767e-01
3.523865861926141e-04	3.330685e-01
3.601623299777688e-04	5.305129e-01
3.643582000638773e-04	5.999345e-01
3.695924813654315e-04	6.167103e-01
3.736890731506488e-04	6.070828e-01
3.781920346846935e-04	5.938032e-01
3.857117280843537e-04	5.714281e-01
3.954773530843537e-04	5.417837e-01
3.966980562093536e-04	5.380170e-01
3.991394624593537e-04	5.304065e-01
3.997498140218536e-04	5.285490e-01
4.009705171468536e-04	5.248562e-01
4.012756929281036e-04	5.239205e-01
4.018860444906036e-04	5.220034e-01
4.024152930094016e-04	5.202805e-01
4.028743804753572e-04	5.187309e-01
4.033165167350372e-04	5.172094e-01
4.037822723873259e-04	5.155979e-01
4.045065774710098e-04	5.130942e-01
4.055260026197678e-04	5.095882e-01
4.070903947418445e-04	5.042594e-01
4.096246162668812e-04	4.957684e-01
4.140934283477003e-04	4.812416e-01
4.230310525093384e-04	4.534563e-01
4.327966775093384e-04	4.247949e-01
4.425623025093384e-04	3.980043e-01
4.523279275093384e-04	3.730078e-01
4.620935525093384e-04	3.496916e-01
4.718591775093384e-04	3.279490e-01
4.816248025093384e-04	3.076801e-01
4.913904275093384e-04	2.887911e-01
5.011560525093385e-04	2.711940e-01
5.109216775093385e-04	2.548064e-01
5.206873025093385e-04	2.395512e-01
5.304529275093385e-04	2.253558e-01
5.402185525093385e-04	2.121525e-01
5.499841775093385e-04	1.998775e-01
5.597498025093385e-04	1.884712e-01
5.695154275093385e-04	1.778778e-01
5.792810525093385e-04	1.680448e-01
5.890466775093385e-04	1.589231e-01
5.988123025093385e-04	1.504668e-01
6.085779275093385e-04	1.426326e-01
6.183435525093386e-04	1.353801e-01
6.281091775093386e-04	1.286714e-01
6.378748025093386e-04	1.224711e-01
6.476404275093386e-04	1.167459e-01
6.574060525093386e-04	1.114646e-01
6.671716775093386e-04	1.065980e-01
6.769373025093386e-04	1.021187e-01
6.867029275093386e-04	9.800116e-02
6.964685525093386e-04	9.422130e-02
7.062341775093386e-04	9.075664e-02
7.159998025093386e-04	8.758610e-02
7.257654275093387e-04	8.468997e-02
7.355310525093387e-04	8.204973e-02
7.452966775093387e-04	7.964807e-02
7.550623025093387e-04	7.746880e-02
7.648279275093387e-04	7.549672e-02
7.745935525093387e-04	7.371762e-02
7.843591775093387e-04	7.211821e-02
7.941248025093387e-04	7.068601e-02
8.038904275093387e-04	6.940936e-02
8.136560525093387e-04	6.827734e-02
8.234216775093387e-04	6.727976e-02
8.331873025093387e-04	6.640705e-02
8.429529275093388e-04	6.565025e-02
8.527185525093388e-04	6.500100e-02
8.624841775093388e-04	6.445149e-02
8.722498025093388e-04	6.399436e-02
8.820154275093388e-04	6.362280e-02
8.917810525093388e-04	6.333039e-02
9.015466775093388e-04	6.311115e-02
9.113123025093388e-04	6.295948e-02
9.210779275093388e-04	6.287015e-02
9.308435525093388e-04	6.283828e-02
9.406091775093388e-04	6.285930e-02
9.503748025093389e-04	6.292894e-02
9.601404275093389e-04	6.304320e-02
9.699060525093389e-04	6.319351e-02
9.753876768964305e-04	6.329062e-02
9.759190161522333e-04	6.329989e-02
9.769816946638389e-04	6.331215e-02
9.776118989086814e-04	6.326750e-02
9.779440344425858e-04	6.308237e-02
9.782158862466895e-04	6.272124e-02
9.783206657842088e-04	6.254852e-02
9.783866928539846e-04	6.245296e-02
9.784423422443649e-04	6.238158e-02
9.785020624384065e-04	6.230768e-02
9.785943510346581e-04	6.220120e-02
9.787789282271614e-04	6.200496e-02
9.791480826121680e-04	6.164061e-02
9.798863913821809e-04	6.092001e-02
9.813630089222070e-04	5.932259e-02
9.843162440022590e-04	5.520296e-02
9.902227141623632e-04	4.045346e-02
9.999883391623632e-04	-1.375964e-02
1.006312719355359e-03	-1.021533e-01
1.012586710507156e-03	-2.712391e-01
1.018363944610749e-03	-4.888141e-01
1.021607678735104e-03	-6.123210e-01
1.024002918261991e-03	-6.637433e-01
1.027226170882873e-03	-6.739103e-01
1.029400319403895e-03	-6.684541e-01
1.032439073123646e-03	-6.597667e-01
1.033198761553583e-03	-6.575352e-01
1.034718138413459e-03	-6.528600e-01
1.037756892133210e-03	-6.433996e-01
1.037792502528363e-03	-6.432846e-01
1.037839983055234e-03	-6.431292e-01
1.037934944108977e-03	-6.428157e-01
1.038077957048795e-03	-6.423349e-01
1.038289958292956e-03	-6.415913e-01
1.038535984642966e-03	-6.406752e-01
1.038699622557950e-03	-6.400264e-01
1.038914601268325e-03	-6.391331e-01
1.039141666182145e-03	-6.381649e-01
1.039466529968455e-03	-6.367594e-01
1.039902618960385e-03	-6.348628e-01
1.040555200331256e-03	-6.320270e-01
1.041552071396577e-03	-6.277185e-01
1.043202552155992e-03	-6.206582e-01
1.046028360050492e-03	-6.087995e-01
1.051679975839490e-03	-5.858064e-01
1.059542559979764e-03	-5.549269e-01
1.063449458066880e-03	-5.401257e-01
1.066531430530528e-03	-5.288032e-01
1.069068617536937e-03	-5.196822e-01
1.071892727651442e-03	-5.097452e-01
1.075684074184873e-03	-4.967300e-01
1.080636181507000e-03	-4.802566e-01
1.087058829186966e-03	-4.597909e-01
1.096529370210780e-03	-4.311902e-01
1.106294995210780e-03	-4.034844e-01
1.116060620210780e-03	-3.776248e-01
1.135591870210780e-03	-3.310255e-01
1.145357495210780e-03	-3.100711e-01
1.155123120210780e-03	-2.905483e-01
1.164888745210780e-03	-2.723658e-01
1.174654370210780e-03	-2.554380e-01
1.184419995210780e-03	-2.396847e-01
1.194185620210780e-03	-2.250306e-01
1.203951245210780e-03	-2.114054e-01
1.213716870210780e-03	-1.987430e-01
1.223482495210780e-03	-1.869814e-01
1.233248120210780e-03	-1.760625e-01
1.243013745210780e-03	-1.659320e-01
1.252779370210780e-03	-1.565390e-01
1.262544995210780e-03	-1.478355e-01
1.272310620210780e-03	-1.397769e-01
1.282076245210780e-03	-1.323211e-01
1.291841870210780e-03	-1.254268e-01
1.301607495210780e-03	-1.189340e-01
1.301760083101405e-03	-1.188364e-01
1.302065258882655e-03	-1.186437e-01
1.302675610445155e-03	-1.182503e-01
1.303027795835905e-03	-1.179983e-01
1.303224276978408e-03	-1.177952e-01
1.303406643876343e-03	-1.175154e-01
1.303488478393620e-03	-1.173666e-01
1.303583654761276e-03	-1.172000e-01
1.303673653892574e-03	-1.170609e-01
1.303853652155170e-03	-1.168141e-01
1.304213648680362e-03	-1.163661e-01
1.304933641730747e-03	-1.155093e-01
1.306373627831517e-03	-1.137627e-01
1.309253600033057e-03	-1.100374e-01
1.315013544436136e-03	-1.017004e-01
1.324779169436136e-03	-8.457770e-02
1.334544794436136e-03	-5.891483e-02
1.344310419436136e-03	-3.766485e-03
1.354076044436136e-03	1.167931e-01
1.363249322690680e-03	3.072612e-01
1.373014947690680e-03	5.428665e-01
1.377548904381285e-03	6.076760e-01
1.383868315788716e-03	6.168538e-01
1.388124159666606e-03	6.058885e-01
1.393133272321069e-03	5.913847e-01
1.402898897321069e-03	5.625859e-01
1.404119600446069e-03	5.589523e-01
1.406561006696069e-03	5.516630e-01
1.406574200265182e-03	5.516221e-01
1.406600587403410e-03	5.515373e-01
1.406653361679864e-03	5.513657e-01
1.406758910232773e-03	5.510158e-01
1.406970007338590e-03	5.503002e-01
1.407392201550225e-03	5.488403e-01
1.408117046493484e-03	5.463057e-01
1.408960883619350e-03	5.433486e-01
1.409859359192110e-03	5.402135e-01
1.411394928398617e-03	5.349042e-01
1.413823272449064e-03	5.266367e-01
1.418081646996871e-03	5.125465e-01
1.426598396092485e-03	4.855445e-01
1.436364021092485e-03	4.562572e-01
1.446129646092485e-03	4.288313e-01
1.455895271092485e-03	4.032129e-01
1.465660896092485e-03	3.792880e-01
1.475426521092485e-03	3.569494e-01
1.485192146092485e-03	3.360970e-01
1.494957771092485e-03	3.166367e-01
1.504723396092485e-03	2.984802e-01
1.514489021092485e-03	2.815449e-01
1.524254646092485e-03	2.657532e-01
1.534020271092485e-03	2.510325e-01
1.543785896092485e-03	2.373147e-01
1.553551521092485e-03	2.245357e-01
1.563317146092485e-03	2.126359e-01
1.573082771092485e-03	2.015589e-01
1.582848396092485e-03	1.912522e-01
1.592614021092485e-03	1.816665e-01
1.602379646092485e-03	1.727554e-01
1.612145271092485e-03	1.644756e-01
1.621910896092485e-03	1.567865e-01
1.631676521092485e-03	1.496500e-01
1.641442146092485e-03	1.430304e-01
1.651207771092485e-03	1.368942e-01
1.660973396092485e-03	1.312100e-01
1.670739021092485e-03	1.259486e-01
1.680504646092485e-03	1.210822e-01
1.690270271092485e-03	1.165852e-01
1.700035896092485e-03	1.124333e-01
1.709801521092485e-03	1.086039e-01
1.719567146092485e-03	1.050758e-01
1.729332771092485e-03	1.018289e-01
1.739098396092485e-03	9.884482e-02
1.748864021092485e-03	9.610593e-02
1.758629646092485e-03	9.359593e-02
1.768395271092485e-03	9.129948e-02
1.778160896092485e-03	8.920224e-02
1.787926521092485e-03	8.729076e-02
1.797692146092485e-03	8.555246e-02
1.807457771092485e-03	8.397555e-02
1.817223396092485e-03	8.254898e-02
1.826989021092485e-03	8.126242e-02
1.836754646092485e-03	8.010619e-02
1.846520271092485e-03	7.907124e-02
1.856285896092485e-03	7.814908e-02
1.866051521092485e-03	7.733178e-02
1.875817146092485e-03	7.661191e-02
1.885582771092485e-03	7.598251e-02
1.895348396092485e-03	7.543708e-02
1.905114021092485e-03	7.496955e-02
1.914879646092485e-03	7.457422e-02
1.924645271092485e-03	7.424575e-02
1.934410896092485e-03	7.397918e-02
1.944176521092485e-03	7.376985e-02
1.953942146092485e-03	7.361341e-02
1.963707771092485e-03	7.350248e-02
1.973473396092485e-03	7.341967e-02
1.973530616551469e-03	7.341923e-02
1.973606910496781e-03	7.341851e-02
1.973759498387406e-03	7.341640e-02
1.974064674168656e-03	7.340926e-02
1.974290577574316e-03	7.339756e-02
1.974470674486917e-03	7.337145e-02
1.974586807698935e-03	7.331859e-02
1.974683939606241e-03	7.322225e-02
1.974740061173247e-03	7.313860e-02
1.974805238482286e-03	7.302891e-02
1.974874590051669e-03	7.291639e-02
1.974958113365473e-03	7.279118e-02
1.975125159993082e-03	7.256636e-02
1.975459253248301e-03	7.216854e-02
1.976127439758738e-03	7.143310e-02
1.977463812779611e-03	6.987986e-02
1.980136558821357e-03	6.594140e-02
1.985482050904849e-03	5.161691e-02
1.995247675904849e-03	-5.748530e-03
2.001558761624244e-03	-9.652247e-02
2.008017150078060e-03	-2.715074e-01
2.013865308071513e-03	-4.883390e-01
2.017101901296042e-03	-6.050253e-01
2.019568840135390e-03	-6.517236e-01
2.022734049236449e-03	-6.579556e-01
2.025031834341476e-03	-6.520836e-01
2.028093561076632e-03	-6.434775e-01
2.034217014546943e-03	-6.251046e-01
2.035437717671943e-03	-6.213049e-01
2.035742893453193e-03	-6.203252e-01
2.036353245015693e-03	-6.183466e-01
2.036358928426046e-03	-6.183278e-01
2.036381662067457e-03	-6.182514e-01
2.036411973589339e-03	-6.181480e-01
2.036472596633102e-03	-6.179360e-01
2.036593842720629e-03	-6.174945e-01
2.036818379279774e-03	-6.166382e-01
2.036994889596022e-03	-6.159343e-01
2.037258908205468e-03	-6.148453e-01
2.037512378335215e-03	-6.137822e-01
2.037908645360341e-03	-6.121073e-01
2.038449543722731e-03	-6.098199e-01
2.039289005610421e-03	-6.062834e-01
2.040605525758441e-03	-6.007820e-01
2.042842506305943e-03	-5.915759e-01
2.047316467400946e-03	-5.736414e-01
2.054478706463951e-03	-5.459351e-01
2.061072310896227e-03	-5.213798e-01
2.064457172962641e-03	-5.092304e-01
2.068156043641276e-03	-4.963232e-01
2.070372130198706e-03	-4.887589e-01
2.073574654211378e-03	-4.781217e-01
2.079979702236721e-03	-4.575340e-01
2.086852781439111e-03	-4.364356e-01
2.096618406439111e-03	-4.081472e-01
2.116149656439110e-03	-3.568832e-01
2.135680906439110e-03	-3.123425e-01
2.145446531439110e-03	-2.923301e-01
2.164977781439109e-03	-2.563513e-01
2.174743406439109e-03	-2.402143e-01
2.184509031439109e-03	-2.252073e-01
2.194274656439109e-03	-2.112577e-01
2.204040281439109e-03	-1.982977e-01
2.213805906439108e-03	-1.862635e-01
2.223571531439108e-03	-1.750953e-01
2.233337156439108e-03	-1.647373e-01
2.243102781439108e-03	-1.551369e-01
2.252868406439108e-03	-1.462450e-01
2.262634031439107e-03	-1.380156e-01
2.272399656439107e-03	-1.304054e-01
2.282165281439107e-03	-1.233739e-01
2.291930906439107e-03	-1.168832e-01
2.301849119329731e-03	-1.106900e-01
2.302764646673481e-03	-1.101557e-01
2.303985349798482e-03	-1.094478e-01
2.304916829961549e-03	-1.089095e-01
2.305664315665134e-03	-1.084716e-01
2.306257963761803e-03	-1.081122e-01
2.306284522778405e-03	-1.080949e-01
2.306337640811609e-03	-1.080559e-01
2.306419835248441e-03	-1.079826e-01
2.306498343587717e-03	-1.078852e-01
2.306577524650898e-03	-1.077514e-01
2.306632424854908e-03	-1.076432e-01
2.306697678372464e-03	-1.075154e-01
2.306786083728848e-03	-1.073591e-01
2.306881616550759e-03	-1.072120e-01
2.307072682194583e-03	-1.069598e-01
2.307454813482230e-03	-1.065137e-01
2.308219076057523e-03	-1.056675e-01
2.309747601208110e-03	-1.039405e-01
2.312804651509284e-03	-1.002589e-01
2.318918752111632e-03	-9.208820e-02
2.328423915149625e-03	-7.699908e-02
2.338189540149624e-03	-5.515179e-02
2.347955165149624e-03	-1.125649e-02
2.357720790149624e-03	8.584866e-02
2.366253345357032e-03	2.400445e-01
2.375032876739422e-03	4.541727e-01
2.380413333838678e-03	5.784103e-01
2.384327986998756e-03	6.242426e-01
2.389325323229999e-03	6.266893e-01
2.392881922616819e-03	6.172733e-01
2.397661164848173e-03	6.035547e-01
2.407219649310882e-03	5.751038e-01
2.408440352435883e-03	5.714072e-01
2.408745528217133e-03	5.704741e-01
2.409355879779633e-03	5.686031e-01
2.410192995971316e-03	5.660042e-01
2.410675460288066e-03	5.644487e-01
2.411181591101437e-03	5.627381e-01
2.411476186161889e-03	5.617083e-01
2.411974766368053e-03	5.599340e-01
2.412455947614894e-03	5.582125e-01
2.413236423674543e-03	5.554202e-01
2.414304393188019e-03	5.516191e-01
2.415983917967344e-03	5.457013e-01
2.418701315482155e-03	5.363016e-01
2.424136110511776e-03	5.181181e-01
2.433901735511776e-03	4.869546e-01
2.443667360511776e-03	4.575995e-01
2.453432985511776e-03	4.301707e-01
2.463198610511775e-03	4.045467e-01
2.472964235511775e-03	3.806139e-01
2.482729860511775e-03	3.582654e-01
2.492495485511775e-03	3.374010e-01
2.502261110511775e-03	3.179271e-01
2.512026735511774e-03	2.997554e-01
2.521792360511774e-03	2.828035e-01
2.531557985511774e-03	2.669941e-01
2.541323610511774e-03	2.522545e-01
2.551089235511774e-03	2.385168e-01
2.560854860511773e-03	2.257172e-01
2.570620485511773e-03	2.137959e-01
2.580386110511773e-03	2.026968e-01
2.590151735511773e-03	1.923675e-01
2.599917360511773e-03	1.827586e-01
2.609682985511772e-03	1.738239e-01
2.619448610511772e-03	1.655203e-01
2.629214235511772e-03	1.578071e-01
2.638979860511772e-03	1.506462e-01
2.648745485511772e-03	1.440021e-01
2.658511110511771e-03	1.378413e-01
2.668276735511771e-03	1.321325e-01
2.678042360511771e-03	1.268463e-01
2.687807985511771e-03	1.219553e-01
2.697573610511770e-03	1.174336e-01
2.707339235511770e-03	1.132571e-01
2.717104860511770e-03	1.094033e-01
2.726870485511770e-03	1.058507e-01
2.736636110511770e-03	1.025797e-01
2.746401735511769e-03	9.957154e-02
2.756167360511769e-03	9.680880e-02
2.765932985511769e-03	9.427515e-02
2.775698610511769e-03	9.195526e-02
2.785464235511769e-03	8.983482e-02
2.795229860511768e-03	8.790038e-02
2.804995485511768e-03	8.613937e-02
2.814761110511768e-03	8.453999e-02
2.824526735511768e-03	8.309123e-02
2.834292360511768e-03	8.178276e-02
2.844057985511767e-03	8.060489e-02
2.853823610511767e-03	7.954858e-02
2.863589235511767e-03	7.860535e-02
2.873354860511767e-03	7.776727e-02
2.883120485511767e-03	7.702690e-02
2.892886110511766e-03	7.637730e-02
2.902651735511766e-03	7.581198e-02
2.912417360511766e-03	7.532483e-02
2.922182985511766e-03	7.491019e-02
2.931948610511765e-03	7.456271e-02
2.941714235511765e-03	7.427741e-02
2.951479860511765e-03	7.404964e-02
2.961245485511765e-03	7.386439e-02
2.971011110511765e-03	7.369565e-02
2.971030183998093e-03	7.369525e-02
2.971068330970749e-03	7.369410e-02
2.971144624916061e-03	7.368997e-02
2.971297212806686e-03	7.367392e-02
2.971401549166472e-03	7.364828e-02
2.971495440624638e-03	7.359579e-02
2.971589991426301e-03	7.350551e-02
2.971653157097333e-03	7.342688e-02
2.971726831300399e-03	7.332911e-02
2.971837899476604e-03	7.318742e-02
2.971954000292308e-03	7.304876e-02
2.972186201923715e-03	7.279225e-02
2.972650605186530e-03	7.230771e-02
2.973579411712160e-03	7.131915e-02
2.975437024763420e-03	6.900619e-02
2.979152250865939e-03	6.229219e-02
2.986582703070978e-03	3.485803e-02
2.995056437914857e-03	-3.900971e-02
3.001297443515502e-03	-1.603641e-01
3.008445882670488e-03	-3.875719e-01
3.013180053895968e-03	-5.631156e-01
3.015971766116276e-03	-6.333918e-01
3.019530724758522e-03	-6.548014e-01
3.022330807408692e-03	-6.490334e-01
3.025394108937066e-03	-6.401460e-01
3.030512698538807e-03	-6.249220e-01
3.031342304953153e-03	-6.224257e-01
3.033001517781847e-03	-6.175136e-01
3.033416320989020e-03	-6.162141e-01
3.034245927403367e-03	-6.135596e-01
3.034453329006954e-03	-6.128914e-01
3.034868132214127e-03	-6.115121e-01
3.035106590104907e-03	-6.106614e-01
3.035377476491043e-03	-6.096181e-01
3.035606446929443e-03	-6.086941e-01
3.035854001250276e-03	-6.076704e-01
3.036192006657117e-03	-6.062595e-01
3.036685326521586e-03	-6.041960e-01
3.037407872336202e-03	-6.011814e-01
3.038534444174664e-03	-5.965126e-01
3.040429486403079e-03	-5.887597e-01
3.044219570859910e-03	-5.736149e-01
3.051025127592266e-03	-5.474079e-01
3.059882566133467e-03	-5.146737e-01
3.063871620534918e-03	-5.005412e-01
3.068120500887730e-03	-4.860095e-01
3.070794392963861e-03	-4.770895e-01
3.073971121075654e-03	-4.667948e-01
3.080324577299240e-03	-4.469393e-01
3.088821823418843e-03	-4.216494e-01
3.098587448418843e-03	-3.943016e-01
3.118118698418842e-03	-3.449043e-01
3.137649948418842e-03	-3.020000e-01
3.147415573418842e-03	-2.827283e-01
3.157181198418841e-03	-2.647872e-01
3.166946823418841e-03	-2.480915e-01
3.176712448418841e-03	-2.325617e-01
3.186478073418841e-03	-2.181228e-01
3.196243698418841e-03	-2.047048e-01
3.206009323418840e-03	-1.922419e-01
3.215774948418840e-03	-1.806728e-01
3.225540573418840e-03	-1.699395e-01
3.235306198418840e-03	-1.599881e-01
3.245071823418840e-03	-1.507679e-01
3.254837448418839e-03	-1.422313e-01
3.264603073418839e-03	-1.343340e-01
3.274368698418839e-03	-1.270340e-01
3.284134323418839e-03	-1.202925e-01
3.293899948418839e-03	-1.140726e-01
3.303665573418838e-03	-1.082421e-01
3.304886276543839e-03	-1.075484e-01
3.307327682793838e-03	-1.061989e-01
3.307403976739151e-03	-1.061569e-01
3.307556564629776e-03	-1.060733e-01
3.307861740411026e-03	-1.059055e-01
3.308472091973526e-03	-1.055644e-01
3.308875460553359e-03	-1.053195e-01
3.309095740489509e-03	-1.051358e-01
3.309233166999637e-03	-1.049523e-01
3.309321702144983e-03	-1.047939e-01
3.309424327909961e-03	-1.046057e-01
3.309511440514655e-03	-1.044653e-01
3.309613577437976e-03	-1.043235e-01
3.309817851284617e-03	-1.040751e-01
3.310226398977899e-03	-1.036240e-01
3.311043494364463e-03	-1.027495e-01
3.312677685137592e-03	-1.009483e-01
3.315946066683849e-03	-9.709394e-02
3.322482829776363e-03	-8.850316e-02
3.332248454776363e-03	-7.315002e-02
3.342014079776363e-03	-5.120802e-02
3.351779704776362e-03	-6.540848e-03
3.361545329776362e-03	9.246957e-02
3.370284418329374e-03	2.516356e-01
3.379132666910215e-03	4.656288e-01
3.384455707386005e-03	5.837666e-01
3.388474750203332e-03	6.264676e-01
3.393435993606045e-03	6.264877e-01
3.397159567273500e-03	6.163241e-01
3.402003759880918e-03	6.023208e-01
3.411692145095755e-03	5.731766e-01
3.412912848220755e-03	5.694236e-01
3.413218024002005e-03	5.684693e-01
3.413828375564505e-03	5.665525e-01
3.414291909192304e-03	5.650570e-01
3.414869006751104e-03	5.631192e-01
3.415218150156215e-03	5.619039e-01
3.415677504907305e-03	5.602694e-01
3.416145012487029e-03	5.585942e-01
3.416892568885515e-03	5.559133e-01
3.417900639317944e-03	5.523139e-01
3.419466122567928e-03	5.467751e-01
3.421950889562390e-03	5.381231e-01
3.426342746111769e-03	5.232671e-01
3.434922232620859e-03	4.954692e-01
3.444687857620859e-03	4.655461e-01
3.454453482620859e-03	4.375244e-01
3.464219107620859e-03	4.113457e-01
3.473984732620858e-03	3.868937e-01
3.483750357620858e-03	3.640596e-01
3.493515982620858e-03	3.427410e-01
3.503281607620858e-03	3.228422e-01
3.513047232620858e-03	3.042733e-01
3.522812857620857e-03	2.869501e-01
3.532578482620857e-03	2.707936e-01
3.542344107620857e-03	2.557297e-01
3.552109732620857e-03	2.416890e-01
3.561875357620856e-03	2.286063e-01
3.571640982620856e-03	2.164207e-01
3.581406607620856e-03	2.050748e-01
3.591172232620856e-03	1.945152e-01
3.600937857620856e-03	1.846914e-01
3.610703482620855e-03	1.755563e-01
3.620469107620855e-03	1.670657e-01
3.630234732620855e-03	1.591782e-01
3.640000357620855e-03	1.518549e-01
3.649765982620855e-03	1.450595e-01
3.659531607620854e-03	1.387579e-01
3.669297232620854e-03	1.329179e-01
3.679062857620854e-03	1.275098e-01
3.688828482620854e-03	1.225054e-01
3.698594107620854e-03	1.178783e-01
3.708359732620853e-03	1.136039e-01
3.718125357620853e-03	1.096592e-01
3.727890982620853e-03	1.060223e-01
3.737656607620853e-03	1.026731e-01
3.747422232620853e-03	9.959253e-02
3.757187857620852e-03	9.676275e-02
3.766953482620852e-03	9.416709e-02
3.776719107620852e-03	9.178991e-02
3.786484732620852e-03	8.961656e-02
3.796250357620851e-03	8.763333e-02
3.806015982620851e-03	8.582737e-02
3.815781607620851e-03	8.418666e-02
3.825547232620851e-03	8.269991e-02
3.835312857620851e-03	8.135659e-02
3.845078482620850e-03	8.014680e-02
3.854844107620850e-03	7.906131e-02
3.864609732620850e-03	7.809144e-02
3.874375357620850e-03	7.722911e-02
3.884140982620850e-03	7.646672e-02
3.893906607620849e-03	7.579719e-02
3.903672232620849e-03	7.521384e-02
3.913437857620849e-03	7.471049e-02
3.923203482620849e-03	7.428131e-02
3.932969107620849e-03	7.392085e-02
3.942734732620848e-03	7.362404e-02
3.952500357620848e-03	7.338601e-02
3.962265982620848e-03	7.319140e-02
3.963486685745848e-03	7.317083e-02
3.965928091995848e-03	7.313324e-02
3.967678668514365e-03	7.309663e-02
3.969080854397545e-03	7.283190e-02
3.969725805959661e-03	7.233550e-02
3.970019396751132e-03	7.195487e-02
3.970230803173374e-03	7.167760e-02
3.970396465598989e-03	7.148026e-02
3.970568271180208e-03	7.128508e-02
3.970741091337155e-03	7.109532e-02
3.970966075406701e-03	7.085159e-02
3.971285586418596e-03	7.050526e-02
3.971793642514292e-03	6.993820e-02
3.972809754705686e-03	6.870747e-02
3.974841979088473e-03	6.576569e-02
3.978906427854047e-03	5.681007e-02
3.987035325385196e-03	2.078416e-02
3.994178794100310e-03	-5.352276e-02
4.000352224260703e-03	-1.854192e-01
4.007013173105356e-03	-4.030401e-01
4.010967017043293e-03	-5.529478e-01
4.013607949458243e-03	-6.277041e-01
4.016543614486794e-03	-6.548182e-01
4.019510573549404e-03	-6.508985e-01
4.022403304597537e-03	-6.428294e-01
4.026275219729843e-03	-6.318966e-01
4.032339894884025e-03	-6.137266e-01
4.032477968536610e-03	-6.132460e-01
4.032754115841781e-03	-6.122094e-01
4.033306410452122e-03	-6.103380e-01
4.033317746565797e-03	-6.103010e-01
4.033340418793147e-03	-6.102275e-01
4.033385763247846e-03	-6.100780e-01
4.033476452157245e-03	-6.097701e-01
4.033657829976043e-03	-6.091262e-01
4.033871482317597e-03	-6.083280e-01
4.034040187076817e-03	-6.076664e-01
4.034290619333288e-03	-6.066509e-01
4.034544311301042e-03	-6.056042e-01
4.034923593777837e-03	-6.040264e-01
4.035443130689628e-03	-6.018632e-01
4.036241730638396e-03	-5.985495e-01
4.037490287874593e-03	-5.934082e-01
4.039590815165196e-03	-5.848817e-01
4.043791869746401e-03	-5.682522e-01
4.050763188317930e-03	-5.417355e-01
4.060528813317929e-03	-5.061793e-01
4.064495150654878e-03	-4.923640e-01
4.068846921526251e-03	-4.777514e-01
4.071251342073904e-03	-4.698792e-01
4.074826635382234e-03	-4.585284e-01
4.081977221998895e-03	-4.366203e-01
4.089079322948059e-03	-4.158915e-01
4.098844947948059e-03	-3.890473e-01
4.118376197948058e-03	-3.404348e-01
4.137907447948058e-03	-2.982158e-01
4.147673072948057e-03	-2.792534e-01
4.157438697948057e-03	-2.616011e-01
4.167204322948057e-03	-2.451752e-01
4.176969947948057e-03	-2.298970e-01
4.186735572948057e-03	-2.156931e-01
4.196501197948056e-03	-2.024943e-01
4.206266822948056e-03	-1.902359e-01
4.216032447948056e-03	-1.788574e-01
4.225798072948056e-03	-1.683019e-01
4.235563697948056e-03	-1.585162e-01
4.245329322948055e-03	-1.494503e-01
4.255094947948055e-03	-1.410574e-01
4.264860572948055e-03	-1.332938e-01
4.274626197948055e-03	-1.261183e-01
4.284391822948055e-03	-1.194925e-01
4.294157447948054e-03	-1.133803e-01
4.304075660838679e-03	-1.075519e-01
4.304380836619929e-03	-1.073840e-01
4.305879286949592e-03	-1.065661e-01
4.307655484483917e-03	-1.056088e-01
4.309198264120452e-03	-1.047849e-01
4.310399276110604e-03	-1.041423e-01
4.311116332512450e-03	-1.037017e-01
4.311504361688198e-03	-1.033151e-01
4.311860370502922e-03	-1.027951e-01
4.312010846164702e-03	-1.025769e-01
4.312109060191276e-03	-1.024616e-01
4.312188994799876e-03	-1.023749e-01
4.312274474621125e-03	-1.022825e-01
4.312382281189499e-03	-1.021687e-01
4.312593974365155e-03	-1.019480e-01
4.313017360716468e-03	-1.015072e-01
4.313864133419093e-03	-1.006095e-01
4.315557678824343e-03	-9.874003e-02
4.318944769634844e-03	-9.473438e-02
4.325718951255846e-03	-8.577583e-02
4.335484576255846e-03	-7.016039e-02
4.345250201255845e-03	-4.724110e-02
4.355015826255845e-03	7.227352e-04
4.364781451255845e-03	1.082813e-01
4.374547076255845e-03	2.956180e-01
4.383918698419727e-03	5.183687e-01
4.388803120440148e-03	6.046935e-01
4.393638961946083e-03	6.291056e-01
4.398688738999640e-03	6.189846e-01
4.403402213993945e-03	6.051214e-01
4.409754994123092e-03	5.859932e-01
4.410975697248092e-03	5.823098e-01
4.413417103498092e-03	5.751568e-01
4.414027455060593e-03	5.732850e-01
4.415248158185592e-03	5.694801e-01
4.417689564435593e-03	5.618963e-01
4.417728946399547e-03	5.617719e-01
4.417807710327453e-03	5.615163e-01
4.417965238183268e-03	5.609924e-01
4.418280293894896e-03	5.599162e-01
4.418665584162711e-03	5.585701e-01
4.419219735595756e-03	5.566043e-01
4.419857795779878e-03	5.543272e-01
4.420595943573739e-03	5.516946e-01
4.421758157919873e-03	5.475731e-01
4.423511259464594e-03	5.414219e-01
4.426388652423682e-03	5.315095e-01
4.431407805728245e-03	5.147807e-01
4.441173430728245e-03	4.837240e-01
4.450939055728245e-03	4.544490e-01
4.460704680728245e-03	4.270969e-01
4.470470305728245e-03	4.015464e-01
4.480235930728244e-03	3.776840e-01
4.490001555728244e-03	3.554029e-01
4.499767180728244e-03	3.346034e-01
4.509532805728244e-03	3.151917e-01
4.519298430728244e-03	2.970799e-01
4.529064055728243e-03	2.801856e-01
4.538829680728243e-03	2.644315e-01
4.548595305728243e-03	2.497453e-01
4.558360930728243e-03	2.360591e-01
4.568126555728243e-03	2.233091e-01
4.577892180728242e-03	2.114357e-01
4.587657805728242e-03	2.003829e-01
4.597423430728242e-03	1.900983e-01
4.607189055728242e-03	1.805327e-01
4.616954680728242e-03	1.716399e-01
4.626720305728241e-03	1.633768e-01
4.636485930728241e-03	1.557028e-01
4.646251555728241e-03	1.485801e-01
4.656017180728241e-03	1.419729e-01
4.665782805728240e-03	1.358479e-01
4.675548430728240e-03	1.301739e-01
4.685314055728240e-03	1.249215e-01
4.695079680728240e-03	1.200634e-01
4.704845305728240e-03	1.155737e-01
4.714610930728239e-03	1.114283e-01
4.724376555728239e-03	1.076047e-01
4.734142180728239e-03	1.040816e-01
4.743907805728239e-03	1.008393e-01
4.753673430728239e-03	9.785911e-02
4.763439055728238e-03	9.512365e-02
4.773204680728238e-03	9.261659e-02
4.782970305728238e-03	9.032265e-02
4.792735930728238e-03	8.822753e-02
4.802501555728238e-03	8.631781e-02
4.812267180728237e-03	8.458094e-02
4.822032805728237e-03	8.300515e-02
4.831798430728237e-03	8.157942e-02
4.841564055728237e-03	8.029348e-02
4.851329680728237e-03	7.913762e-02
4.861095305728236e-03	7.810285e-02
4.870860930728236e-03	7.718068e-02
4.880626555728236e-03	7.636321e-02
4.890392180728236e-03	7.564302e-02
4.900157805728235e-03	7.501316e-02
4.909923430728235e-03	7.446717e-02
4.919689055728235e-03	7.399894e-02
4.929454680728235e-03	7.360283e-02
4.939220305728235e-03	7.327349e-02
4.948985930728234e-03	7.300590e-02
4.958751555728234e-03	7.278395e-02
4.959972258853234e-03	7.276024e-02
4.962413665103234e-03	7.271725e-02
4.964185262733057e-03	7.268579e-02
4.965608351585541e-03	7.265585e-02
4.966363324420808e-03	7.260077e-02
4.966797737437191e-03	7.242998e-02
4.967038040529417e-03	7.216998e-02
4.967147010605719e-03	7.199878e-02
4.967214657484191e-03	7.189576e-02
4.967280343734789e-03	7.180467e-02
4.967348163760534e-03	7.171449e-02
4.967468992783726e-03	7.156456e-02
4.967710650830110e-03	7.128911e-02
4.968193966922880e-03	7.077910e-02
4.969160599108419e-03	6.976163e-02
4.971093863479497e-03	6.742702e-02
4.974960392221654e-03	6.071967e-02
4.982693449705967e-03	3.089294e-02
4.992459074705967e-03	-6.025030e-02
4.999084162685578e-03	-1.960122e-01
5.006334617847618e-03	-4.318318e-01
5.010253957221033e-03	-5.741543e-01
5.012882355399174e-03	-6.345575e-01
5.016862510076167e-03	-6.525575e-01
5.019622401454627e-03	-6.464433e-01
5.022826653325041e-03	-6.371269e-01
5.028680957733513e-03	-6.197387e-01
5.029579415295553e-03	-6.170266e-01
5.031376330419633e-03	-6.116311e-01
5.031825559200653e-03	-6.102133e-01
5.031937866395908e-03	-6.098484e-01
5.032162480786418e-03	-6.091052e-01
5.032403305992746e-03	-6.082702e-01
5.032707927680050e-03	-6.071455e-01
5.032887322755534e-03	-6.064439e-01
5.033133983285535e-03	-6.054424e-01
5.033393359118634e-03	-6.043732e-01
5.033799172884120e-03	-6.026889e-01
5.034346217311470e-03	-6.004181e-01
5.035198328362326e-03	-5.968950e-01
5.036536629608595e-03	-5.914078e-01
5.038825644844433e-03	-5.821677e-01
5.043403675316110e-03	-5.641758e-01
5.050662043584429e-03	-5.368061e-01
5.060427668584428e-03	-5.016007e-01
5.064409650353602e-03	-4.878756e-01
5.068763735063911e-03	-4.734088e-01
5.071183335643470e-03	-4.655708e-01
5.074766046858623e-03	-4.543176e-01
5.081931469288928e-03	-4.325916e-01
5.088819187799057e-03	-4.126906e-01
5.098584812799057e-03	-3.861071e-01
5.118116062799057e-03	-3.379486e-01
5.137647312799056e-03	-2.961254e-01
5.147412937799056e-03	-2.773413e-01
5.157178562799056e-03	-2.598555e-01
5.166944187799056e-03	-2.435848e-01
5.176709812799055e-03	-2.284514e-01
5.186475437799055e-03	-2.143825e-01
5.196241062799055e-03	-2.013095e-01
5.206006687799055e-03	-1.891683e-01
5.215772312799054e-03	-1.778989e-01
5.225537937799054e-03	-1.674450e-01
5.235303562799054e-03	-1.577539e-01
5.245069187799054e-03	-1.487759e-01
5.254834812799054e-03	-1.404648e-01
5.264600437799053e-03	-1.327771e-01
5.274366062799053e-03	-1.256722e-01
5.284131687799053e-03	-1.191119e-01
5.293897312799053e-03	-1.130605e-01
5.303662937799053e-03	-1.074573e-01
5.311101719741040e-03	-1.034280e-01
5.311368748549633e-03	-1.032907e-01
5.311673924330883e-03	-1.031338e-01
5.312284275893383e-03	-1.028187e-01
5.312731267300057e-03	-1.025834e-01
5.313094854204404e-03	-1.023753e-01
5.313304299545791e-03	-1.022146e-01
5.313433701548170e-03	-1.020545e-01
5.313537762709541e-03	-1.018758e-01
5.313632773613361e-03	-1.017039e-01
5.313718230643288e-03	-1.015661e-01
5.313806629470928e-03	-1.014431e-01
5.313983427126208e-03	-1.012281e-01
5.314337022436768e-03	-1.008417e-01
5.315044213057889e-03	-1.001035e-01
5.316458594300130e-03	-9.859560e-02
5.319287356784611e-03	-9.538189e-02
5.324944881753575e-03	-8.829862e-02
5.333382630930424e-03	-7.596906e-02
5.343148255930423e-03	-5.698074e-02
5.352913880930423e-03	-2.250759e-02
5.362679505930423e-03	5.322764e-02
5.371144658382605e-03	1.819396e-01
5.380098479920924e-03	3.820075e-01
5.387090654178338e-03	5.487521e-01
5.391445131016912e-03	6.121024e-01
5.397578619591558e-03	6.259540e-01
5.401989078275078e-03	6.149411e-01
5.406968125907560e-03	5.998923e-01
5.415394482658024e-03	5.741630e-01
5.416615185783024e-03	5.704547e-01
5.419056592033024e-03	5.631714e-01
5.419666943595525e-03	5.612777e-01
5.420887646720524e-03	5.573943e-01
5.421400431873742e-03	5.557091e-01
5.421930717058172e-03	5.538889e-01
5.422484428427399e-03	5.519430e-01
5.423018406313094e-03	5.500520e-01
5.423745933319540e-03	5.474761e-01
5.424856786387815e-03	5.435631e-01
5.426544454157585e-03	5.376837e-01
5.429865442367498e-03	5.263614e-01
5.436507418787324e-03	5.045280e-01
5.446273043787323e-03	4.740092e-01
5.456038668787323e-03	4.453278e-01
5.465804293787323e-03	4.185328e-01
5.475569918787323e-03	3.935050e-01
5.485335543787323e-03	3.701330e-01
5.495101168787322e-03	3.483121e-01
5.504866793787322e-03	3.279444e-01
5.514632418787322e-03	3.089379e-01
5.524398043787322e-03	2.912063e-01
5.534163668787321e-03	2.746688e-01
5.543929293787321e-03	2.592495e-01
5.553694918787321e-03	2.448775e-01
5.563460543787321e-03	2.314861e-01
5.573226168787321e-03	2.190128e-01
5.582991793787320e-03	2.073991e-01
5.592757418787320e-03	1.965900e-01
5.602523043787320e-03	1.865341e-01
5.612288668787320e-03	1.771831e-01
5.622054293787320e-03	1.684918e-01
5.631819918787319e-03	1.604178e-01
5.641585543787319e-03	1.529213e-01
5.651351168787319e-03	1.459652e-01
5.661116793787319e-03	1.395143e-01
5.670882418787319e-03	1.335361e-01
5.680648043787318e-03	1.279999e-01
5.690413668787318e-03	1.228769e-01
5.700179293787318e-03	1.181402e-01
5.709944918787318e-03	1.137645e-01
5.719710543787318e-03	1.097262e-01
5.729476168787317e-03	1.060030e-01
5.739241793787317e-03	1.025743e-01
5.749007418787317e-03	9.942061e-02
5.758773043787317e-03	9.652363e-02
5.768538668787316e-03	9.386629e-02
5.778304293787316e-03	9.143260e-02
5.788069918787316e-03	8.920758e-02
5.797835543787316e-03	8.717719e-02
5.807601168787316e-03	8.532827e-02
5.817366793787315e-03	8.364850e-02
5.827132418787315e-03	8.212636e-02
5.836898043787315e-03	8.075105e-02
5.846663668787315e-03	7.951245e-02
5.856429293787315e-03	7.840110e-02
5.866194918787314e-03	7.740813e-02
5.875960543787314e-03	7.652526e-02
5.885726168787314e-03	7.574471e-02
5.895491793787314e-03	7.505922e-02
5.905257418787314e-03	7.446200e-02
5.915023043787313e-03	7.394667e-02
5.924788668787313e-03	7.350729e-02
5.934554293787313e-03	7.313828e-02
5.944319918787313e-03	7.283439e-02
5.954085543787313e-03	7.252725e-02
5.963851168787312e-03	7.211743e-02
5.963938282456650e-03	7.208320e-02
5.964112509795326e-03	7.193506e-02
5.964207757038330e-03	7.183806e-02
5.964299958504954e-03	7.174312e-02
5.964385373408519e-03	7.166092e-02
5.964526032998800e-03	7.153252e-02
5.964807352179362e-03	7.128926e-02
5.965369990540485e-03	7.081421e-02
5.966495267262730e-03	6.980278e-02
5.968745820707221e-03	6.734145e-02
5.973246927596204e-03	5.970723e-02
5.982249141374169e-03	2.358461e-02
5.992014766374168e-03	-7.530656e-02
5.998880129899149e-03	-2.243768e-01
6.005943808174389e-03	-4.594266e-01
6.009628132878362e-03	-5.885978e-01
6.012241566370078e-03	-6.416171e-01
6.015864115086236e-03	-6.524691e-01
6.018197741754046e-03	-6.469846e-01
6.021502552337771e-03	-6.376865e-01
6.028112173505220e-03	-6.180838e-01
6.029332876630220e-03	-6.144055e-01
6.029638052411470e-03	-6.134774e-01
6.030248403973970e-03	-6.115779e-01
6.031028983041195e-03	-6.091177e-01
6.031070125016529e-03	-6.089854e-01
6.031152408967196e-03	-6.087130e-01
6.031316976868531e-03	-6.081464e-01
6.031541570741180e-03	-6.073306e-01
6.031770609408931e-03	-6.064501e-01
6.032020123774298e-03	-6.054500e-01
6.032246063222587e-03	-6.045238e-01
6.032602135698255e-03	-6.030496e-01
6.033086475501338e-03	-6.010405e-01
6.033818266119932e-03	-5.980129e-01
6.034945834217917e-03	-5.933791e-01
6.036855613465641e-03	-5.856258e-01
6.040189601280886e-03	-5.723920e-01
6.046857576911376e-03	-5.468497e-01
6.055484274998364e-03	-5.151807e-01
6.061189436198591e-03	-4.951156e-01
6.064425435395170e-03	-4.841502e-01
6.067773572033389e-03	-4.731019e-01
6.070440940389541e-03	-4.644895e-01
6.073491330935700e-03	-4.548833e-01
6.078587646225203e-03	-4.392739e-01
6.083514643439170e-03	-4.247399e-01
6.091806307509029e-03	-4.014636e-01
6.101571932509029e-03	-3.755949e-01
6.111337557509029e-03	-3.514074e-01
6.130868807509029e-03	-3.078550e-01
6.140634432509028e-03	-2.882876e-01
6.160165682509028e-03	-2.531101e-01
6.169931307509028e-03	-2.373333e-01
6.179696932509028e-03	-2.226617e-01
6.189462557509027e-03	-2.090244e-01
6.199228182509027e-03	-1.963549e-01
6.208993807509027e-03	-1.845910e-01
6.218759432509027e-03	-1.736741e-01
6.228525057509027e-03	-1.635495e-01
6.238290682509026e-03	-1.541659e-01
6.248056307509026e-03	-1.454752e-01
6.257821932509026e-03	-1.374324e-01
6.267587557509026e-03	-1.299951e-01
6.277353182509026e-03	-1.231239e-01
6.287118807509025e-03	-1.167817e-01
6.296884432509025e-03	-1.109336e-01
6.307870760634025e-03	-1.048037e-01
6.310312166884025e-03	-1.035433e-01
6.312110491523424e-03	-1.026265e-01
6.313556674932882e-03	-1.018943e-01
6.314697374715291e-03	-1.012472e-01
6.315257707073324e-03	-1.007330e-01
6.315771589966298e-03	-1.000446e-01
6.315976247463778e-03	-9.978504e-02
6.316101481199189e-03	-9.965969e-02
6.316185956988311e-03	-9.957645e-02
6.316279070818062e-03	-9.948172e-02
6.316366907146392e-03	-9.939328e-02
6.316503777489526e-03	-9.925443e-02
6.316777518175794e-03	-9.897476e-02
6.317324999548330e-03	-9.840614e-02
6.318419962293403e-03	-9.723403e-02
6.320609887783549e-03	-9.476704e-02
6.324989738763841e-03	-8.937860e-02
6.333749440724425e-03	-7.694057e-02
6.343515065724425e-03	-5.884599e-02
6.353280690724425e-03	-2.727027e-02
6.363046315724425e-03	4.163435e-02
6.371612418645711e-03	1.636360e-01
6.380685021040927e-03	3.596795e-01
6.388310087634689e-03	5.406163e-01
6.392882086131245e-03	6.103027e-01
6.398526177720893e-03	6.268491e-01
6.403000114639052e-03	6.161550e-01
6.407910906953805e-03	6.013804e-01
6.415617703196486e-03	5.778331e-01
6.416838406321486e-03	5.741221e-01
6.419279812571487e-03	5.667897e-01
6.424162625071487e-03	5.515581e-01
6.424232005840524e-03	5.513403e-01
6.424370767378600e-03	5.508958e-01
6.424648290454752e-03	5.499676e-01
6.425203336607055e-03	5.480495e-01
6.425855585414812e-03	5.457630e-01
6.427019413598827e-03	5.416777e-01
6.428234373356228e-03	5.374407e-01
6.430057835735891e-03	5.311562e-01
6.433070566265630e-03	5.209754e-01
6.438588857974467e-03	5.029563e-01
6.448354482974467e-03	4.725657e-01
6.458120107974467e-03	4.439471e-01
6.467885732974466e-03	4.172115e-01
6.477651357974466e-03	3.922401e-01
6.487416982974466e-03	3.689215e-01
6.497182607974466e-03	3.471512e-01
6.506948232974465e-03	3.268315e-01
6.516713857974465e-03	3.078704e-01
6.526479482974465e-03	2.901820e-01
6.536245107974465e-03	2.736855e-01
6.546010732974465e-03	2.583052e-01
6.555776357974464e-03	2.439702e-01
6.565541982974464e-03	2.306139e-01
6.575307607974464e-03	2.181740e-01
6.585073232974464e-03	2.065921e-01
6.594838857974464e-03	1.958132e-01
6.604604482974463e-03	1.857861e-01
6.614370107974463e-03	1.764625e-01
6.624135732974463e-03	1.677973e-01
6.633901357974463e-03	1.597482e-01
6.643666982974463e-03	1.522754e-01
6.653432607974462e-03	1.453419e-01
6.663198232974462e-03	1.389127e-01
6.672963857974462e-03	1.329551e-01
6.682729482974462e-03	1.274386e-01
6.692495107974462e-03	1.223344e-01
6.702260732974461e-03	1.176157e-01
6.712026357974461e-03	1.132572e-01
6.721791982974461e-03	1.092354e-01
6.731557607974461e-03	1.055281e-01
6.741323232974460e-03	1.021145e-01
6.751088857974460e-03	9.897533e-02
6.760854482974460e-03	9.609226e-02
6.770620107974460e-03	9.344828e-02
6.780385732974460e-03	9.102743e-02
6.790151357974459e-03	8.881474e-02
6.799916982974459e-03	8.679618e-02
6.809682607974459e-03	8.495865e-02
6.819448232974459e-03	8.328984e-02
6.829213857974459e-03	8.177825e-02
6.838979482974458e-03	8.041310e-02
6.848745107974458e-03	7.918429e-02
6.858510732974458e-03	7.808237e-02
6.868276357974458e-03	7.709851e-02
6.878041982974458e-03	7.622442e-02
6.887807607974457e-03	7.545235e-02
6.897573232974457e-03	7.477506e-02
6.907338857974457e-03	7.418574e-02
6.917104482974457e-03	7.367807e-02
6.926870107974457e-03	7.324608e-02
6.936635732974456e-03	7.288423e-02
6.946401357974456e-03	7.258704e-02
6.956224203433441e-03	7.233433e-02
6.957368612613128e-03	7.231013e-02
6.958589315738128e-03	7.228371e-02
6.961030721988128e-03	7.220560e-02
6.961987039574720e-03	7.197110e-02
6.962554547134525e-03	7.152401e-02
6.962779979592551e-03	7.126708e-02
6.962929332251607e-03	7.110903e-02
6.963019382489685e-03	7.102136e-02
6.963118043023705e-03	7.092718e-02
6.963335444007404e-03	7.073081e-02
6.963590854722388e-03	7.050803e-02
6.964101676152355e-03	7.006305e-02
6.965123319012289e-03	6.912059e-02
6.967166604732158e-03	6.690910e-02
6.971253176171895e-03	6.055453e-02
6.979426319051370e-03	3.332324e-02
6.989191944051370e-03	-4.578394e-02
6.995823422714213e-03	-1.692586e-01
7.003452381100240e-03	-4.034753e-01
7.008210076953488e-03	-5.711971e-01
7.011028493485258e-03	-6.341222e-01
7.015289605686513e-03	-6.513461e-01
7.018190147423281e-03	-6.446699e-01
7.021511576706957e-03	-6.350493e-01
7.028154435274310e-03	-6.151809e-01
7.029126017552929e-03	-6.123167e-01
7.029368913122584e-03	-6.116115e-01
7.029854704261894e-03	-6.101148e-01
7.030232350893110e-03	-6.088967e-01
7.030496842357536e-03	-6.079807e-01
7.030792068244126e-03	-6.068810e-01
7.030948873985679e-03	-6.062632e-01
7.031221675819562e-03	-6.051525e-01
7.031492928227248e-03	-6.040339e-01
7.031926267782996e-03	-6.022370e-01
7.032515835928640e-03	-5.997940e-01
7.033443512687432e-03	-5.959685e-01
7.034927034319743e-03	-5.899074e-01
7.037468103181809e-03	-5.797039e-01
7.042550240905943e-03	-5.598789e-01
7.050155222217374e-03	-5.314698e-01
7.059920847217374e-03	-4.966523e-01
7.063997357693606e-03	-4.827721e-01
7.068550902437455e-03	-4.678383e-01
7.071119574330580e-03	-4.596306e-01
7.074641193616426e-03	-4.487234e-01
7.081684432188118e-03	-4.277670e-01
7.091450057188118e-03	-4.002101e-01
7.110981307188118e-03	-3.502895e-01
7.130512557188117e-03	-3.069186e-01
7.150043807188117e-03	-2.692893e-01
7.159809432188117e-03	-2.524023e-01
7.169575057188116e-03	-2.366915e-01
7.179340682188116e-03	-2.220815e-01
7.189106307188116e-03	-2.085015e-01
7.198871932188116e-03	-1.958854e-01
7.208637557188115e-03	-1.841710e-01
7.218403182188115e-03	-1.733002e-01
7.228168807188115e-03	-1.632185e-01
7.237934432188115e-03	-1.538747e-01
7.247700057188115e-03	-1.452210e-01
7.257465682188114e-03	-1.372124e-01
7.267231307188114e-03	-1.298070e-01
7.276996932188114e-03	-1.229652e-01
7.286762557188114e-03	-1.166502e-01
7.296528182188114e-03	-1.108274e-01
7.306293807188113e-03	-1.054415e-01
7.314005737157016e-03	-1.014397e-01
7.315226440282016e-03	-1.008198e-01
7.316401412602908e-03	-1.000646e-01
7.316945309623974e-03	-9.948341e-02
7.317213379739355e-03	-9.912857e-02
7.317392319101117e-03	-9.891820e-02
7.317541401369076e-03	-9.876005e-02
7.317696670442436e-03	-9.859928e-02
7.318141497339847e-03	-9.814779e-02
7.318642373277877e-03	-9.763256e-02
7.319644125153935e-03	-9.657255e-02
7.321647628906053e-03	-9.434506e-02
7.325654636410287e-03	-8.950080e-02
7.333668651418756e-03	-7.840706e-02
7.343434276418756e-03	-6.116798e-02
7.353199901418756e-03	-3.259056e-02
7.362965526418756e-03	3.152876e-02
7.372731151418756e-03	1.638591e-01
7.381524903411180e-03	3.491234e-01
7.389516813986748e-03	5.377703e-01
7.394183494086712e-03	6.093333e-01
7.399773501885433e-03	6.265181e-01
7.404311937702994e-03	6.157588e-01
7.409247380591814e-03	6.008874e-01
7.416843955494843e-03	5.779016e-01
7.426609580494843e-03	5.480344e-01
7.426762168385468e-03	5.475006e-01
7.427067344166718e-03	5.463246e-01
7.427559183003623e-03	5.445390e-01
7.428089742235557e-03	5.426740e-01
7.428749344292301e-03	5.403739e-01
7.429545167887242e-03	5.376045e-01
7.430587661726052e-03	5.339953e-01
7.432226254396348e-03	5.283768e-01
7.434790480122394e-03	5.197273e-01
7.439229508276671e-03	5.051853e-01
7.447726766746361e-03	4.785273e-01
7.457492391746361e-03	4.495562e-01
7.467258016746360e-03	4.224270e-01
7.477023641746360e-03	3.970873e-01
7.486789266746360e-03	3.734242e-01
7.496554891746360e-03	3.513317e-01
7.506320516746360e-03	3.307105e-01
7.516086141746359e-03	3.114676e-01
7.525851766746359e-03	2.935157e-01
7.535617391746359e-03	2.767728e-01
7.545383016746359e-03	2.611622e-01
7.555148641746359e-03	2.466120e-01
7.564914266746358e-03	2.330546e-01
7.574679891746358e-03	2.204269e-01
7.584445516746358e-03	2.086695e-01
7.594211141746358e-03	1.977268e-01
7.603976766746358e-03	1.875467e-01
7.613742391746357e-03	1.780803e-01
7.623508016746357e-03	1.692819e-01
7.633273641746357e-03	1.611084e-01
7.643039266746357e-03	1.535198e-01
7.652804891746356e-03	1.464781e-01
7.662570516746356e-03	1.399482e-01
7.672336141746356e-03	1.338967e-01
7.682101766746356e-03	1.282928e-01
7.691867391746356e-03	1.231072e-01
7.701633016746355e-03	1.183127e-01
7.711398641746355e-03	1.138838e-01
7.721164266746355e-03	1.097964e-01
7.730929891746355e-03	1.060282e-01
7.740695516746355e-03	1.025580e-01
7.750461141746354e-03	9.936626e-02
7.760226766746354e-03	9.643443e-02
7.769992391746354e-03	9.374524e-02
7.779758016746354e-03	9.128249e-02
7.789523641746354e-03	8.903099e-02
7.799289266746353e-03	8.697654e-02
7.809054891746353e-03	8.510581e-02
7.818820516746353e-03	8.340634e-02
7.828586141746353e-03	8.186645e-02
7.838351766746353e-03	8.047521e-02
7.848117391746352e-03	7.922238e-02
7.857883016746352e-03	7.809839e-02
7.867648641746352e-03	7.709423e-02
7.877414266746352e-03	7.620154e-02
7.887179891746351e-03	7.541244e-02
7.896945516746351e-03	7.471958e-02
7.906711141746351e-03	7.411607e-02
7.916476766746351e-03	7.359546e-02
7.926242391746351e-03	7.315174e-02
7.936008016746350e-03	7.277924e-02
7.945773641746350e-03	7.247213e-02
7.955539266746350e-03	7.221138e-02
7.955997030418225e-03	7.220129e-02
7.956733500687558e-03	7.218425e-02
7.957510886577515e-03	7.216532e-02
7.959065658357431e-03	7.211674e-02
7.959687429312141e-03	7.208496e-02
7.959735313966494e-03	7.207968e-02
7.959831083275198e-03	7.205989e-02
7.959910339492199e-03	7.202642e-02
7.959993729551754e-03	7.196023e-02
7.960055727871916e-03	7.188693e-02
7.960127059068480e-03	7.178766e-02
7.960206903334044e-03	7.167728e-02
7.960288992201820e-03	7.157199e-02
7.960422427754953e-03	7.141890e-02
7.960689298861219e-03	7.115293e-02
7.961223041073752e-03	7.068898e-02
7.962290525498817e-03	6.979828e-02
7.964425494348946e-03	6.776938e-02
7.968695432049207e-03	6.194103e-02
7.977235307449726e-03	3.796689e-02
7.987000932449726e-03	-2.839934e-02
7.993555044926175e-03	-1.374992e-01
8.001753902440229e-03	-3.729910e-01
8.008351553942691e-03	-5.875130e-01
8.011484989624207e-03	-6.440162e-01
8.015844398893267e-03	-6.486848e-01
8.018544858567582e-03	-6.414725e-01
8.022260193424067e-03	-6.309270e-01
8.029690863137035e-03	-6.085168e-01
8.029727881910647e-03	-6.083795e-01
8.029801919457871e-03	-6.080551e-01
8.029949994552317e-03	-6.074191e-01
8.030246144741210e-03	-6.061702e-01
8.030735061543549e-03	-6.041300e-01
8.031632368726033e-03	-6.004059e-01
8.032730044015550e-03	-5.958762e-01
8.034096083178491e-03	-5.902955e-01
8.036774469705132e-03	-5.795502e-01
8.042131242758417e-03	-5.586839e-01
8.049759087649034e-03	-5.302521e-01
8.059524712649034e-03	-4.955348e-01
8.063682691616491e-03	-4.814259e-01
8.068456300840444e-03	-4.658369e-01
8.071185609518786e-03	-4.571592e-01
8.074638807390387e-03	-4.465204e-01
8.081545203133589e-03	-4.260784e-01
8.091310828133589e-03	-3.986555e-01
8.110842078133588e-03	-3.489656e-01
8.130373328133588e-03	-3.057958e-01
8.140138953133588e-03	-2.864006e-01
8.149904578133587e-03	-2.683418e-01
8.159670203133587e-03	-2.515338e-01
8.169435828133587e-03	-2.358966e-01
8.179201453133587e-03	-2.213553e-01
8.188967078133587e-03	-2.078393e-01
8.198732703133586e-03	-1.952828e-01
8.208498328133586e-03	-1.836241e-01
8.218263953133586e-03	-1.728051e-01
8.228029578133586e-03	-1.627715e-01
8.237795203133585e-03	-1.534726e-01
8.247560828133585e-03	-1.448606e-01
8.257326453133585e-03	-1.368908e-01
8.267092078133585e-03	-1.295214e-01
8.276857703133585e-03	-1.227132e-01
8.286623328133584e-03	-1.164293e-01
8.296388953133584e-03	-1.106353e-01
8.306154578133584e-03	-1.052976e-01
8.315920203133584e-03	-1.002862e-01
8.316072791024209e-03	-1.002111e-01
8.316377966805458e-03	-1.000635e-01
8.316988318367958e-03	-9.976565e-02
8.317432109947986e-03	-9.953480e-02
8.317783318558515e-03	-9.929699e-02
8.317955337008054e-03	-9.910023e-02
8.318094101241123e-03	-9.887490e-02
8.318216740416983e-03	-9.867145e-02
8.318313364106860e-03	-9.853312e-02
8.318415760930228e-03	-9.840552e-02
8.318590634106770e-03	-9.820771e-02
8.318901281268951e-03	-9.788091e-02
8.319522575593314e-03	-9.724460e-02
8.320765164242039e-03	-9.594154e-02
8.323250341539488e-03	-9.317071e-02
8.328220696134389e-03	-8.707416e-02
8.336248894583726e-03	-7.563053e-02
8.346014519583726e-03	-5.738514e-02
8.355780144583725e-03	-2.536318e-02
8.365545769583725e-03	4.461396e-02
8.374155670669507e-03	1.680225e-01
8.383239814525800e-03	3.636366e-01
8.390820000898920e-03	5.413165e-01
8.395428948875404e-03	6.098994e-01
8.401215133789141e-03	6.257121e-01
8.405734906725531e-03	6.147216e-01
8.410722749440160e-03	5.996290e-01
8.418631949075847e-03	5.756312e-01
8.428397574075847e-03	5.457245e-01
8.428582775701826e-03	5.450965e-01
8.428953178953784e-03	5.437517e-01
8.429386902488640e-03	5.422716e-01
8.429925634044108e-03	5.404705e-01
8.430411794388202e-03	5.388238e-01
8.430942775098042e-03	5.370012e-01
8.431494137174974e-03	5.350993e-01
8.432323811212903e-03	5.322405e-01
8.433474118475486e-03	5.282993e-01
8.435222485465641e-03	5.223718e-01
8.438002278668621e-03	5.131148e-01
8.442878990295924e-03	4.973927e-01
8.452474310795655e-03	4.678584e-01
8.462239935795654e-03	4.395129e-01
8.472005560795654e-03	4.130257e-01
8.481771185795654e-03	3.882878e-01
8.491536810795654e-03	3.651890e-01
8.501302435795654e-03	3.436255e-01
8.511068060795653e-03	3.235003e-01
8.520833685795653e-03	3.047224e-01
8.530599310795653e-03	2.872063e-01
8.540364935795653e-03	2.708720e-01
8.550130560795653e-03	2.556444e-01
8.559896185795652e-03	2.414531e-01
8.569661810795652e-03	2.282323e-01
8.579427435795652e-03	2.159199e-01
8.589193060795652e-03	2.044581e-01
8.598958685795651e-03	1.937924e-01
8.608724310795651e-03	1.838719e-01
8.618489935795651e-03	1.746488e-01
8.628255560795651e-03	1.660783e-01
8.638021185795651e-03	1.581184e-01
8.647786810795650e-03	1.507299e-01
8.657552435795650e-03	1.438758e-01
8.667318060795650e-03	1.375215e-01
8.677083685795650e-03	1.316346e-01
8.686849310795650e-03	1.261848e-01
8.696614935795649e-03	1.211436e-01
8.706380560795649e-03	1.164843e-01
8.716146185795649e-03	1.121820e-01
8.725911810795649e-03	1.082132e-01
8.735677435795649e-03	1.045560e-01
8.745443060795648e-03	1.011899e-01
8.755208685795648e-03	9.809545e-02
8.764974310795648e-03	9.525475e-02
8.774739935795648e-03	9.265085e-02
8.784505560795648e-03	9.026791e-02
8.794271185795647e-03	8.809111e-02
8.804036810795647e-03	8.610655e-02
8.813802435795647e-03	8.430122e-02
8.823568060795647e-03	8.266293e-02
8.833333685795646e-03	8.118025e-02
8.843099310795646e-03	7.984252e-02
8.852864935795646e-03	7.863972e-02
8.862630560795646e-03	7.756248e-02
8.872396185795646e-03	7.660206e-02
8.882161810795645e-03	7.575022e-02
8.891927435795645e-03	7.499930e-02
8.901693060795645e-03	7.434209e-02
8.911458685795645e-03	7.377188e-02
8.921224310795645e-03	7.328238e-02
8.930989935795644e-03	7.286767e-02
8.940755560795644e-03	7.252204e-02
8.950521185795644e-03	7.222736e-02
8.951741888920645e-03	7.219491e-02
8.954183295170644e-03	7.213458e-02
8.954793646733144e-03	7.211949e-02
8.956014349858144e-03	7.208799e-02
8.956897234599765e-03	7.205756e-02
8.957609379452140e-03	7.202046e-02
8.957662150777739e-03	7.201508e-02
8.957767693428936e-03	7.199503e-02
8.957856773503864e-03	7.196019e-02
8.957949369715390e-03	7.189133e-02
8.958019005361136e-03	7.181383e-02
8.958097746710204e-03	7.171121e-02
8.958183628878348e-03	7.160109e-02
8.958271911496870e-03	7.149711e-02
8.958422532665752e-03	7.133986e-02
8.958723775003518e-03	7.106810e-02
8.959326259679047e-03	7.059040e-02
8.960531229030106e-03	6.965055e-02
8.962941167732224e-03	6.744862e-02
8.967761045136460e-03	6.080502e-02
8.977400799944931e-03	3.178533e-02
8.987166424944931e-03	-4.236878e-02
8.993828736458556e-03	-1.619600e-01
9.001714900902510e-03	-3.978583e-01
9.006811360170943e-03	-5.732080e-01
9.009717839170216e-03	-6.355886e-01
9.014035715879779e-03	-6.508229e-01
9.016938930478762e-03	-6.438395e-01
9.020353933266754e-03	-6.339016e-01
9.027183938842739e-03	-6.134866e-01
9.028318370116396e-03	-6.101010e-01
9.028331664232885e-03	-6.100623e-01
9.028349389721536e-03	-6.100100e-01
9.028384840698837e-03	-6.099038e-01
9.028455742653442e-03	-6.096865e-01
9.028597546562649e-03	-6.092389e-01
9.028804099220161e-03	-6.085550e-01
9.029074254282577e-03	-6.075968e-01
9.029345825318946e-03	-6.065647e-01
9.029562844248325e-03	-6.056982e-01
9.029795559240274e-03	-6.047454e-01
9.030142357876714e-03	-6.033118e-01
9.030625254781760e-03	-6.013108e-01
9.031337297620082e-03	-5.983672e-01
9.032447277770536e-03	-5.938084e-01
9.034305051975467e-03	-5.862684e-01
9.037563075625348e-03	-5.733331e-01
9.044079122925109e-03	-5.483518e-01
9.052647265149549e-03	-5.170679e-01
9.062412890149548e-03	-4.831712e-01
9.066232852021750e-03	-4.705202e-01
9.070516940021724e-03	-4.568806e-01
9.074716925309131e-03	-4.438905e-01
9.078786423748207e-03	-4.317118e-01
9.084860473982402e-03	-4.141731e-01
9.090720405909105e-03	-3.979561e-01
9.098721284381285e-03	-3.769366e-01
9.108081652382015e-03	-3.537478e-01
9.117847277382015e-03	-3.311042e-01
9.127612902382015e-03	-3.099872e-01
9.137378527382015e-03	-2.903162e-01
9.147144152382014e-03	-2.719989e-01
9.166675402382014e-03	-2.390849e-01
9.176441027382014e-03	-2.243310e-01
9.186206652382014e-03	-2.106160e-01
9.195972277382013e-03	-1.978730e-01
9.205737902382013e-03	-1.860396e-01
9.215503527382013e-03	-1.750570e-01
9.225269152382013e-03	-1.648702e-01
9.235034777382013e-03	-1.554278e-01
9.244800402382012e-03	-1.466815e-01
9.254566027382012e-03	-1.385859e-01
9.264331652382012e-03	-1.310987e-01
9.274097277382012e-03	-1.241802e-01
9.283862902382011e-03	-1.177931e-01
9.293628527382011e-03	-1.119026e-01
9.303394152382011e-03	-1.064758e-01
9.313159777382011e-03	-1.013953e-01
9.314380480507011e-03	-1.007916e-01
9.316821886757011e-03	-9.961817e-02
9.318567280055907e-03	-9.878063e-02
9.318605049660695e-03	-9.876227e-02
9.318680588870270e-03	-9.872440e-02
9.318831667289420e-03	-9.864453e-02
9.318953449162013e-03	-9.857158e-02
9.319051596163197e-03	-9.849333e-02
9.319137951854468e-03	-9.838825e-02
9.319222202952200e-03	-9.824458e-02
9.319282247400021e-03	-9.812753e-02
9.319348400131336e-03	-9.800361e-02
9.319430471573681e-03	-9.786847e-02
9.319556488652689e-03	-9.769168e-02
9.319808522810707e-03	-9.739202e-02
9.320312591126740e-03	-9.685735e-02
9.321320727758809e-03	-9.581248e-02
9.323337001022945e-03	-9.362347e-02
9.327369547551218e-03	-8.882982e-02
9.335434640607763e-03	-7.780099e-02
9.345200265607763e-03	-6.076346e-02
9.354965890607763e-03	-3.270782e-02
9.364731515607762e-03	2.993032e-02
9.374497140607762e-03	1.596484e-01
9.383388793707131e-03	3.441285e-01
9.391562538882575e-03	5.349727e-01
9.396335034696184e-03	6.081299e-01
9.401914800059766e-03	6.258806e-01
9.406532423823725e-03	6.149977e-01
9.411523601801050e-03	5.999038e-01
9.419033508300031e-03	5.771170e-01
9.428799133300031e-03	5.470869e-01
9.430019836425031e-03	5.431882e-01
9.430325012206281e-03	5.421879e-01
9.430935363768780e-03	5.402460e-01
9.431598894238221e-03	5.381408e-01
9.432148815244099e-03	5.363602e-01
9.432767029194567e-03	5.343003e-01
9.433269446780848e-03	5.325953e-01
9.433841953332110e-03	5.306383e-01
9.434598221767706e-03	5.280545e-01
9.435707476968551e-03	5.242835e-01
9.437323539855852e-03	5.188422e-01
9.439885211113773e-03	5.103565e-01
9.444248574432192e-03	4.963191e-01
9.452827965868094e-03	4.698882e-01
9.462593590868094e-03	4.414409e-01
9.472359215868094e-03	4.148085e-01
9.482124840868094e-03	3.899350e-01
9.491890465868093e-03	3.667094e-01
9.501656090868093e-03	3.450276e-01
9.511421715868093e-03	3.247920e-01
9.521187340868093e-03	3.059109e-01
9.530952965868093e-03	2.882986e-01
9.540718590868092e-03	2.718745e-01
9.550484215868092e-03	2.565632e-01
9.560249840868092e-03	2.422939e-01
9.570015465868092e-03	2.290002e-01
9.579781090868092e-03	2.166200e-01
9.589546715868091e-03	2.050950e-01
9.599312340868091e-03	1.943705e-01
9.609077965868091e-03	1.843952e-01
9.618843590868091e-03	1.751212e-01
9.628609215868091e-03	1.665033e-01
9.638374840868090e-03	1.584994e-01
9.648140465868090e-03	1.510699e-01
9.657906090868090e-03	1.441777e-01
9.667671715868090e-03	1.377881e-01
9.677437340868090e-03	1.318685e-01
9.687202965868089e-03	1.263884e-01
9.696968590868089e-03	1.213191e-01
9.706734215868089e-03	1.166338e-01
9.716499840868089e-03	1.123074e-01
9.726265465868088e-03	1.083164e-01
9.736031090868088e-03	1.046386e-01
9.745796715868088e-03	1.012535e-01
9.755562340868088e-03	9.814161e-02
9.765327965868088e-03	9.528483e-02
9.775093590868087e-03	9.266615e-02
9.784859215868087e-03	9.026965e-02
9.794624840868087e-03	8.808042e-02
9.804390465868087e-03	8.608448e-02
9.814156090868087e-03	8.426874e-02
9.823921715868086e-03	8.262097e-02
9.833687340868086e-03	8.112968e-02
9.843452965868086e-03	7.978413e-02
9.853218590868086e-03	7.857425e-02
9.862984215868086e-03	7.749064e-02
9.872749840868085e-03	7.652447e-02
9.882515465868085e-03	7.566749e-02
9.892281090868085e-03	7.491198e-02
9.902046715868085e-03	7.425073e-02
9.911812340868085e-03	7.367694e-02
9.921577965868084e-03	7.318431e-02
9.931343590868084e-03	7.276686e-02
9.941109215868084e-03	7.241856e-02
9.950874840868084e-03	7.211940e-02
9.951332604539958e-03	7.210764e-02
9.951679095055226e-03	7.209843e-02
9.952066796757329e-03	7.208811e-02
9.952842200161538e-03	7.206743e-02
9.954393006969955e-03	7.202037e-02
9.955489884292290e-03	7.192411e-02
9.956036226618843e-03	7.169922e-02
9.956551872138463e-03	7.125911e-02
9.956749829009310e-03	7.107188e-02
9.956872740098349e-03	7.097425e-02
9.956959289826267e-03	7.091040e-02
9.957054245215279e-03	7.084055e-02
9.957326751451067e-03	7.064936e-02
9.957672749280947e-03	7.041171e-02
9.958364744940709e-03	6.992617e-02
9.959748736260233e-03	6.886219e-02
9.962516718899278e-03	6.624494e-02
9.968052684177371e-03	5.810150e-02
9.977818309177371e-03	2.481902e-02
9.987583934177370e-03	-6.080178e-02
9.994501794629957e-03	-1.908179e-01
1.000000000000000e-02	-3.469642e-01