time	V(out)
0.000000000000000e+00	2.161274e-28
2.500000029215244e-08	1.286515e-09
5.000000058430487e-08	-7.714943e-10
8.469165481584914e-08	-2.630036e-08
1.206006771820546e-07	-1.079738e-07
1.571488356982029e-07	-2.906282e-07
1.962019764539414e-07	-6.580738e-07
2.468750484422703e-07	-1.497214e-06
3.142192718888674e-07	-3.422440e-06
4.050813958890188e-07	-7.895675e-06
5.267563958686289e-07	-1.819554e-05
6.908849029385673e-07	-4.094892e-05
8.636818590475103e-07	-7.825335e-05
1.056015568529019e-06	-1.401786e-04
1.284320852053627e-06	-2.462276e-04
1.568093158556278e-06	-4.331173e-04
1.919150474553947e-06	-7.577449e-04
2.360335363095818e-06	-1.325311e-03
2.914422900424989e-06	-2.306680e-03
3.619927270662187e-06	-4.006483e-03
4.523241157894504e-06	-6.926959e-03
5.696786903036448e-06	-1.194128e-02
7.238260604022999e-06	-2.050041e-02
9.297913278470530e-06	-3.508925e-02
1.209557308673180e-05	-5.982903e-02
1.598070956918961e-05	-9.958629e-02
2.153730098606372e-05	-1.516830e-01
2.581751344686865e-05	-1.736773e-01
3.047445133194404e-05	-1.792752e-01
3.486129210790827e-05	-1.799392e-01
4.004784879893929e-05	-1.801049e-01
4.981347379893929e-05	-1.795137e-01
5.048063979599688e-05	-1.794120e-01
5.064743129526128e-05	-1.793750e-01
5.098101429379007e-05	-1.793046e-01
5.137222714026017e-05	-1.792111e-01
5.177881858586381e-05	-1.790869e-01
5.212413442051125e-05	-1.789538e-01
5.250349157192349e-05	-1.787855e-01
5.286061734915306e-05	-1.786166e-01
5.339953873223827e-05	-1.783549e-01
5.414603100060164e-05	-1.779900e-01
5.525363103472904e-05	-1.774512e-01
5.692723166014275e-05	-1.766487e-01
5.968658127102741e-05	-1.753597e-01
6.432606885137377e-05	-1.732952e-01
7.360504401206650e-05	-1.694529e-01
8.337066901206650e-05	-1.657723e-01
9.313629401206649e-05	-1.624872e-01
1.029019190120665e-04	-1.595749e-01
1.126675440120665e-04	-1.570069e-01
1.224331690120665e-04	-1.547509e-01
1.321987940120665e-04	-1.527806e-01
1.419644190120665e-04	-1.510831e-01
1.517300440120665e-04	-1.496436e-01
1.614956690120665e-04	-1.484429e-01
1.712612940120665e-04	-1.474624e-01
1.810269190120665e-04	-1.466839e-01
1.907925440120666e-04	-1.460894e-01
2.005581690120666e-04	-1.456580e-01
2.103237940120666e-04	-1.453603e-01
2.200894190120666e-04	-1.451389e-01
2.298550440120666e-04	-1.448943e-01
2.396206690120666e-04	-1.445132e-01
2.493862940120666e-04	-1.439097e-01
2.591519190120666e-04	-1.430143e-01
2.689175440120666e-04	-1.417298e-01
2.786831690120666e-04	-1.398886e-01
2.884487940120666e-04	-1.371776e-01
2.982144190120666e-04	-1.329365e-01
3.079800440120666e-04	-1.255087e-01
3.177456690120666e-04	-1.105396e-01
3.275112940120666e-04	-8.048624e-02
3.372769190120667e-04	-2.983001e-02
3.470425440120667e-04	3.891777e-02
3.568081690120667e-04	1.125541e-01
3.665737940120667e-04	1.659818e-01
3.756425507880726e-04	1.822641e-01
3.838089414538753e-04	1.793779e-01
3.924269450628268e-04	1.739662e-01
4.021925700628268e-04	1.678217e-01
4.119581950628268e-04	1.615565e-01
4.217238200628268e-04	1.554986e-01
4.314894450628268e-04	1.496892e-01
4.412550700628268e-04	1.442315e-01
4.510206950628268e-04	1.391308e-01
4.607863200628269e-04	1.344280e-01
4.705519450628269e-04	1.301210e-01
4.803175700628269e-04	1.262160e-01
4.900831950628269e-04	1.227019e-01
4.998488200628269e-04	1.195765e-01
5.096144450628269e-04	1.168243e-01
5.193800700628269e-04	1.144305e-01
5.291456950628269e-04	1.123753e-01
5.389113200628269e-04	1.106408e-01
5.486769450628269e-04	1.092062e-01
5.584425700628269e-04	1.080529e-01
5.682081950628270e-04	1.071611e-01
5.779738200628270e-04	1.065131e-01
5.877394450628270e-04	1.060906e-01
5.975050700628270e-04	1.058775e-01
6.072706950628270e-04	1.058574e-01
6.170363200628270e-04	1.060158e-01
6.268019450628270e-04	1.063383e-01
6.365675700628270e-04	1.068121e-01
6.463331950628270e-04	1.074244e-01
6.560988200628270e-04	1.081641e-01
6.658644450628270e-04	1.090198e-01
6.756300700628270e-04	1.099819e-01
6.853956950628271e-04	1.110404e-01
6.951613200628271e-04	1.121869e-01
7.049269450628271e-04	1.134128e-01
7.146925700628271e-04	1.147107e-01
7.244581950628271e-04	1.160730e-01
7.342238200628271e-04	1.174932e-01
7.439894450628271e-04	1.189650e-01
7.537550700628271e-04	1.204826e-01
7.635206950628271e-04	1.220404e-01
7.732863200628271e-04	1.236334e-01
7.830519450628271e-04	1.252568e-01
7.928175700628272e-04	1.269063e-01
8.025831950628272e-04	1.285776e-01
8.123488200628272e-04	1.302668e-01
8.221144450628272e-04	1.319702e-01
8.318800700628272e-04	1.336841e-01
8.416456950628272e-04	1.354050e-01
8.514113200628272e-04	1.371291e-01
8.611769450628272e-04	1.388523e-01
8.709425700628272e-04	1.405694e-01
8.807081950628272e-04	1.422739e-01
8.904738200628272e-04	1.439562e-01
9.002394450628272e-04	1.456014e-01
9.100050700628273e-04	1.471855e-01
9.197706950628273e-04	1.486688e-01
9.295363200628273e-04	1.499844e-01
9.393019450628273e-04	1.510193e-01
9.490675700628273e-04	1.515780e-01
9.588331950628273e-04	1.513174e-01
9.685988200628273e-04	1.495776e-01
9.783644450628273e-04	1.447127e-01
9.881300700628273e-04	1.311821e-01
9.978956950628273e-04	9.579888e-02
1.007661320062827e-03	2.473621e-02
1.016639908833491e-03	-7.211471e-02
1.023557130488423e-03	-1.510687e-01
1.027706673016869e-03	-1.785694e-01
1.033296070664832e-03	-1.848975e-01
1.037028979986495e-03	-1.831235e-01
1.042038534812329e-03	-1.800575e-01
1.051804159812329e-03	-1.735449e-01
1.053024862937329e-03	-1.727057e-01
1.055466269187329e-03	-1.709970e-01
1.060349081687328e-03	-1.675320e-01
1.060423563364152e-03	-1.674760e-01
1.060572526717798e-03	-1.673525e-01
1.060870453425090e-03	-1.670863e-01
1.061234180572239e-03	-1.667433e-01
1.061687036809062e-03	-1.663032e-01
1.062352595165064e-03	-1.656491e-01
1.062962825669187e-03	-1.650495e-01
1.064058042374726e-03	-1.639803e-01
1.065387979448129e-03	-1.626949e-01
1.066815096916142e-03	-1.613374e-01
1.069669331852170e-03	-1.586954e-01
1.075377801724224e-03	-1.536340e-01
1.083136348637327e-03	-1.471829e-01
1.092901973637327e-03	-1.397131e-01
1.102667598637327e-03	-1.329318e-01
1.122198848637327e-03	-1.213649e-01
1.141730098637327e-03	-1.121646e-01
1.151495723637327e-03	-1.083519e-01
1.161261348637327e-03	-1.050158e-01
1.171026973637327e-03	-1.021228e-01
1.180792598637327e-03	-9.964146e-02
1.190558223637327e-03	-9.754246e-02
1.200323848637327e-03	-9.579815e-02
1.210089473637327e-03	-9.438179e-02
1.219855098637327e-03	-9.322089e-02
1.224708971134265e-03	-9.271413e-02
1.224886214821778e-03	-9.269410e-02
1.225240702196804e-03	-9.264758e-02
1.225679482997235e-03	-9.258854e-02
1.226154396621088e-03	-9.252947e-02
1.226830370976717e-03	-9.245348e-02
1.227564839814767e-03	-9.237432e-02
1.229033777490866e-03	-9.221796e-02
1.231971652843065e-03	-9.190730e-02
1.237847403547463e-03	-9.128468e-02
1.247613028547463e-03	-9.022831e-02
1.257378653547463e-03	-8.911423e-02
1.267144278547463e-03	-8.788577e-02
1.276909903547463e-03	-8.646115e-02
1.286675528547463e-03	-8.471347e-02
1.296441153547463e-03	-8.243050e-02
1.306206778547463e-03	-7.921603e-02
1.315972403547463e-03	-7.420453e-02
1.325738028547463e-03	-6.512462e-02
1.335503653547463e-03	-4.644399e-02
1.345269278547463e-03	-1.042965e-02
1.355034903547463e-03	4.595997e-02
1.364800528547463e-03	1.170383e-01
1.374566153547463e-03	1.882828e-01
1.382444884753563e-03	2.255234e-01
1.391427760084044e-03	2.362994e-01
1.398825749534166e-03	2.327918e-01
1.406897104886926e-03	2.272014e-01
1.416662729886926e-03	2.202811e-01
1.426428354886926e-03	2.132865e-01
1.436193979886926e-03	2.065295e-01
1.445959604886926e-03	2.000054e-01
1.455725229886926e-03	1.938332e-01
1.465490854886926e-03	1.880441e-01
1.475256479886926e-03	1.826608e-01
1.485022104886926e-03	1.776881e-01
1.494787729886926e-03	1.731292e-01
1.504553354886926e-03	1.689744e-01
1.514318979886926e-03	1.652133e-01
1.524084604886926e-03	1.618284e-01
1.533850229886926e-03	1.588028e-01
1.543615854886926e-03	1.561160e-01
1.553381479886926e-03	1.537490e-01
1.563147104886926e-03	1.516811e-01
1.572912729886926e-03	1.498937e-01
1.582678354886926e-03	1.483671e-01
1.592443979886926e-03	1.470842e-01
1.602209604886926e-03	1.460271e-01
1.611975229886926e-03	1.451801e-01
1.621740854886926e-03	1.445275e-01
1.631506479886926e-03	1.440552e-01
1.641272104886926e-03	1.437494e-01
1.651037729886926e-03	1.435977e-01
1.660803354886926e-03	1.435878e-01
1.670568979886926e-03	1.437087e-01
1.680334604886926e-03	1.439499e-01
1.690100229886926e-03	1.443017e-01
1.699865854886926e-03	1.447548e-01
1.709631479886927e-03	1.453007e-01
1.719397104886927e-03	1.459313e-01
1.729162729886927e-03	1.466392e-01
1.738928354886927e-03	1.474173e-01
1.748693979886927e-03	1.482591e-01
1.758459604886927e-03	1.491586e-01
1.768225229886927e-03	1.501099e-01
1.777990854886927e-03	1.511076e-01
1.787756479886927e-03	1.521470e-01
1.797522104886927e-03	1.532231e-01
1.807287729886927e-03	1.543315e-01
1.817053354886927e-03	1.554681e-01
1.826818979886927e-03	1.566287e-01
1.836584604886927e-03	1.578094e-01
1.846350229886927e-03	1.590059e-01
1.856115854886927e-03	1.602137e-01
1.865881479886927e-03	1.614277e-01
1.875647104886927e-03	1.626409e-01
1.885412729886927e-03	1.638438e-01
1.895178354886927e-03	1.650219e-01
1.904943979886927e-03	1.661523e-01
1.914709604886927e-03	1.671964e-01
1.924475229886927e-03	1.680896e-01
1.934240854886927e-03	1.687206e-01
1.944006479886927e-03	1.688964e-01
1.953772104886927e-03	1.682550e-01
1.963537729886927e-03	1.660679e-01
1.973303354886926e-03	1.605101e-01
1.983068979886926e-03	1.456936e-01
1.992834604886926e-03	1.087643e-01
2.002600229886926e-03	3.710762e-02
2.011942364567323e-03	-6.190664e-02
2.018859481334413e-03	-1.370027e-01
2.023130772639675e-03	-1.626557e-01
2.028670939966261e-03	-1.674735e-01
2.032620492212583e-03	-1.656441e-01
2.037740525020155e-03	-1.627882e-01
2.047506150020155e-03	-1.566930e-01
2.057271775020155e-03	-1.503377e-01
2.057930012964755e-03	-1.498955e-01
2.059047560989029e-03	-1.490774e-01
2.059738646029298e-03	-1.484976e-01
2.060072278404663e-03	-1.481947e-01
2.060504845658086e-03	-1.477972e-01
2.061369980164934e-03	-1.470062e-01
2.062511953896715e-03	-1.459711e-01
2.064222986167750e-03	-1.444395e-01
2.065796561634735e-03	-1.430523e-01
2.067548404368137e-03	-1.415369e-01
2.070036530899778e-03	-1.394387e-01
2.074313310488366e-03	-1.359584e-01
2.079784232328464e-03	-1.317504e-01
2.089549857328463e-03	-1.247956e-01
2.099315482328463e-03	-1.184665e-01
2.109081107328463e-03	-1.128002e-01
2.118846732328463e-03	-1.077513e-01
2.138377982328462e-03	-9.933843e-02
2.148143607328462e-03	-9.589734e-02
2.157909232328462e-03	-9.291902e-02
2.167674857328462e-03	-9.037070e-02
2.177440482328462e-03	-8.822166e-02
2.187206107328461e-03	-8.644314e-02
2.196971732328461e-03	-8.500819e-02
2.206737357328461e-03	-8.389156e-02
2.216502982328461e-03	-8.306953e-02
2.226268607328461e-03	-8.251870e-02
2.236034232328460e-03	-8.213726e-02
2.239422030572751e-03	-8.199301e-02
2.239505713480406e-03	-8.198416e-02
2.239673079295714e-03	-8.195773e-02
2.240007810926330e-03	-8.191093e-02
2.240208907815218e-03	-8.189021e-02
2.240474701889305e-03	-8.186983e-02
2.241006290037481e-03	-8.183241e-02
2.242069466333831e-03	-8.175975e-02
2.244195818926532e-03	-8.161458e-02
2.248448524111934e-03	-8.131815e-02
2.256953934482738e-03	-8.069330e-02
2.266719559482738e-03	-7.989719e-02
2.276485184482738e-03	-7.895510e-02
2.286250809482737e-03	-7.777095e-02
2.296016434482737e-03	-7.619715e-02
2.305782059482737e-03	-7.398040e-02
2.315547684482737e-03	-7.062827e-02
2.325313309482737e-03	-6.500320e-02
2.335078934482736e-03	-5.404019e-02
2.344844559482736e-03	-3.120250e-02
2.354610184482736e-03	1.052720e-02
2.364375809482736e-03	7.133120e-02
2.374141434482736e-03	1.429051e-01
2.383907059482735e-03	2.086493e-01
2.391273352466832e-03	2.360000e-01
2.399577285752255e-03	2.402563e-01
2.406619289566822e-03	2.359246e-01
2.414501001675076e-03	2.302778e-01
2.424266626675076e-03	2.231080e-01
2.434032251675076e-03	2.159142e-01
2.443797876675076e-03	2.089134e-01
2.453563501675075e-03	2.022202e-01
2.463329126675075e-03	1.958966e-01
2.473094751675075e-03	1.899759e-01
2.482860376675075e-03	1.844777e-01
2.492626001675075e-03	1.794071e-01
2.502391626675074e-03	1.747615e-01
2.512157251675074e-03	1.705300e-01
2.521922876675074e-03	1.666986e-01
2.531688501675074e-03	1.632488e-01
2.541454126675073e-03	1.601616e-01
2.551219751675073e-03	1.574161e-01
2.560985376675073e-03	1.549919e-01
2.570751001675073e-03	1.528685e-01
2.580516626675073e-03	1.510263e-01
2.590282251675072e-03	1.494461e-01
2.600047876675072e-03	1.481099e-01
2.609813501675072e-03	1.470004e-01
2.619579126675072e-03	1.461013e-01
2.629344751675072e-03	1.453974e-01
2.639110376675071e-03	1.448741e-01
2.648876001675071e-03	1.445180e-01
2.658641626675071e-03	1.443163e-01
2.668407251675071e-03	1.442570e-01
2.678172876675071e-03	1.443291e-01
2.687938501675070e-03	1.445220e-01
2.697704126675070e-03	1.448260e-01
2.707469751675070e-03	1.452319e-01
2.717235376675070e-03	1.457312e-01
2.727001001675070e-03	1.463157e-01
2.736766626675069e-03	1.469781e-01
2.746532251675069e-03	1.477113e-01
2.756297876675069e-03	1.485087e-01
2.766063501675069e-03	1.493643e-01
2.775829126675068e-03	1.502723e-01
2.785594751675068e-03	1.512273e-01
2.795360376675068e-03	1.522243e-01
2.805126001675068e-03	1.532585e-01
2.814891626675068e-03	1.543255e-01
2.824657251675067e-03	1.554207e-01
2.834422876675067e-03	1.565400e-01
2.844188501675067e-03	1.576789e-01
2.853954126675067e-03	1.588328e-01
2.863719751675067e-03	1.599960e-01
2.873485376675066e-03	1.611617e-01
2.883251001675066e-03	1.623201e-01
2.893016626675066e-03	1.634568e-01
2.902782251675066e-03	1.645486e-01
2.912547876675066e-03	1.655573e-01
2.922313501675065e-03	1.664182e-01
2.932079126675065e-03	1.670195e-01
2.941844751675065e-03	1.671652e-01
2.951610376675065e-03	1.664825e-01
2.961376001675065e-03	1.642080e-01
2.971141626675064e-03	1.584028e-01
2.980907251675064e-03	1.429860e-01
2.990672876675064e-03	1.052930e-01
3.000438501675064e-03	3.333925e-02
3.009981514195176e-03	-6.679963e-02
3.016853054082596e-03	-1.391739e-01
3.021196769682758e-03	-1.637005e-01
3.026715260617634e-03	-1.676708e-01
3.030796966925146e-03	-1.657679e-01
3.035983949636547e-03	-1.629416e-01
3.045749574636547e-03	-1.569024e-01
3.055515199636546e-03	-1.506267e-01
3.056735902761547e-03	-1.498577e-01
3.056776245777080e-03	-1.498324e-01
3.056856931808146e-03	-1.497786e-01
3.057018303870278e-03	-1.496646e-01
3.057233291877114e-03	-1.495032e-01
3.057475333754852e-03	-1.493095e-01
3.057806982797446e-03	-1.490285e-01
3.058204155990073e-03	-1.486784e-01
3.058581772306850e-03	-1.483387e-01
3.059140526173330e-03	-1.478329e-01
3.059931843911960e-03	-1.471186e-01
3.061131914713383e-03	-1.460446e-01
3.062697674325415e-03	-1.446609e-01
3.064429346791270e-03	-1.431534e-01
3.065956058962945e-03	-1.418468e-01
3.067898699803412e-03	-1.402183e-01
3.070890413179725e-03	-1.377845e-01
3.076201416540534e-03	-1.336512e-01
3.083229372595580e-03	-1.285276e-01
3.092994997595579e-03	-1.219912e-01
3.102760622595579e-03	-1.160818e-01
3.112526247595579e-03	-1.108056e-01
3.132057497595579e-03	-1.019811e-01
3.141823122595578e-03	-9.835399e-02
3.151588747595578e-03	-9.520178e-02
3.161354372595578e-03	-9.249092e-02
3.171119997595578e-03	-9.019002e-02
3.180885622595578e-03	-8.826964e-02
3.190651247595577e-03	-8.670221e-02
3.200416872595577e-03	-8.546192e-02
3.210182497595577e-03	-8.452460e-02
3.219948122595577e-03	-8.386759e-02
3.229713747595577e-03	-8.346944e-02
3.239479372595576e-03	-8.328062e-02
3.244718911836891e-03	-8.316377e-02
3.247656761550577e-03	-8.297864e-02
3.247767261751586e-03	-8.297095e-02
3.247988262153605e-03	-8.296114e-02
3.248187584681255e-03	-8.295171e-02
3.248437694197795e-03	-8.293761e-02
3.248692696110470e-03	-8.292210e-02
3.249063040903764e-03	-8.289892e-02
3.250439953410836e-03	-8.281106e-02
3.251962982512226e-03	-8.271266e-02
3.254752941782993e-03	-8.252825e-02
3.260332860324527e-03	-8.213744e-02
3.270098485324527e-03	-8.137479e-02
3.279864110324527e-03	-8.046339e-02
3.289629735324527e-03	-7.929793e-02
3.299395360324526e-03	-7.772563e-02
3.309160985324526e-03	-7.548278e-02
3.318926610324526e-03	-7.205196e-02
3.328692235324526e-03	-6.622338e-02
3.338457860324526e-03	-5.473831e-02
3.348223485324525e-03	-3.089766e-02
3.357989110324525e-03	1.199141e-02
3.367754735324525e-03	7.340334e-02
3.377520360324525e-03	1.445039e-01
3.387285985324525e-03	2.084533e-01
3.394710563265887e-03	2.343339e-01
3.402992869222512e-03	2.376101e-01
3.410160844127698e-03	2.330965e-01
3.418088177132154e-03	2.273723e-01
3.427853802132153e-03	2.201001e-01
3.437619427132153e-03	2.128844e-01
3.447385052132153e-03	2.058839e-01
3.457150677132153e-03	1.991999e-01
3.466916302132153e-03	1.928953e-01
3.476681927132152e-03	1.870023e-01
3.486447552132152e-03	1.815384e-01
3.496213177132152e-03	1.765069e-01
3.505978802132152e-03	1.719035e-01
3.515744427132152e-03	1.677162e-01
3.525510052132151e-03	1.639296e-01
3.535275677132151e-03	1.605248e-01
3.545041302132151e-03	1.574821e-01
3.554806927132151e-03	1.547802e-01
3.564572552132151e-03	1.523985e-01
3.574338177132150e-03	1.503164e-01
3.584103802132150e-03	1.485142e-01
3.593869427132150e-03	1.469726e-01
3.603635052132150e-03	1.456737e-01
3.613400677132150e-03	1.446002e-01
3.623166302132149e-03	1.437360e-01
3.632931927132149e-03	1.430656e-01
3.642697552132149e-03	1.425748e-01
3.652463177132149e-03	1.422499e-01
3.662228802132148e-03	1.420784e-01
3.671994427132148e-03	1.420484e-01
3.681760052132148e-03	1.421488e-01
3.691525677132148e-03	1.423690e-01
3.701291302132148e-03	1.426995e-01
3.711056927132147e-03	1.431310e-01
3.720822552132147e-03	1.436550e-01
3.730588177132147e-03	1.442636e-01
3.740353802132147e-03	1.449492e-01
3.750119427132147e-03	1.457049e-01
3.759885052132146e-03	1.465243e-01
3.769650677132146e-03	1.474010e-01
3.779416302132146e-03	1.483296e-01
3.789181927132146e-03	1.493046e-01
3.798947552132146e-03	1.503209e-01
3.808713177132145e-03	1.513737e-01
3.818478802132145e-03	1.524586e-01
3.828244427132145e-03	1.535711e-01
3.838010052132145e-03	1.547068e-01
3.847775677132145e-03	1.558610e-01
3.857541302132144e-03	1.570286e-01
3.867306927132144e-03	1.582035e-01
3.877072552132144e-03	1.593775e-01
3.886838177132144e-03	1.605391e-01
3.896603802132143e-03	1.616701e-01
3.906369427132144e-03	1.627416e-01
3.916135052132143e-03	1.637046e-01
3.925900677132143e-03	1.644756e-01
3.935666302132143e-03	1.649088e-01
3.945431927132143e-03	1.647362e-01
3.955197552132143e-03	1.634400e-01
3.964963177132142e-03	1.598649e-01
3.974728802132142e-03	1.505990e-01
3.984494427132142e-03	1.263585e-01
3.994260052132142e-03	7.329826e-02
4.004025677132142e-03	-1.519019e-02
4.013791302132141e-03	-1.213300e-01
4.018756939671381e-03	-1.578290e-01
4.024880063533065e-03	-1.690764e-01
4.029541705445398e-03	-1.674186e-01
4.034700260300085e-03	-1.644614e-01
4.044465885300085e-03	-1.585545e-01
4.054231510300084e-03	-1.524290e-01
4.054384098190709e-03	-1.523114e-01
4.054689273971959e-03	-1.520557e-01
4.055299625534459e-03	-1.516167e-01
4.055703501660015e-03	-1.513305e-01
4.056153636541769e-03	-1.509836e-01
4.056565310080970e-03	-1.506373e-01
4.056913799499086e-03	-1.503286e-01
4.057299506410709e-03	-1.499800e-01
4.057888945134008e-03	-1.494450e-01
4.058716192934136e-03	-1.486968e-01
4.059966761793586e-03	-1.475771e-01
4.061984469578125e-03	-1.457959e-01
4.063780277428441e-03	-1.442379e-01
4.065668044176847e-03	-1.426330e-01
4.068014788912903e-03	-1.406788e-01
4.070150884531702e-03	-1.389476e-01
4.074423075769300e-03	-1.356048e-01
4.079342838406451e-03	-1.319531e-01
4.088404690341682e-03	-1.257079e-01
4.098170315341682e-03	-1.195656e-01
4.107935940341681e-03	-1.140586e-01
4.127467190341681e-03	-1.048147e-01
4.137232815341681e-03	-1.009971e-01
4.146998440341680e-03	-9.766626e-02
4.156764065341680e-03	-9.478786e-02
4.166529690341680e-03	-9.232984e-02
4.176295315341680e-03	-9.026212e-02
4.186060940341680e-03	-8.855654e-02
4.195826565341679e-03	-8.718674e-02
4.205592190341679e-03	-8.612801e-02
4.215357815341679e-03	-8.535722e-02
4.225123440341679e-03	-8.485271e-02
4.234889065341679e-03	-8.459397e-02
4.244654690341678e-03	-8.451355e-02
4.245341201800498e-03	-8.451642e-02
4.246714224718137e-03	-8.453197e-02
4.249460270553414e-03	-8.454946e-02
4.250521263986260e-03	-8.449525e-02
4.251368215228461e-03	-8.438182e-02
4.251697892424004e-03	-8.434453e-02
4.251910940112134e-03	-8.433400e-02
4.252051897419665e-03	-8.432635e-02
4.252206432915762e-03	-8.431612e-02
4.252353759259971e-03	-8.430679e-02
4.252576269907946e-03	-8.429236e-02
4.253911333795792e-03	-8.420561e-02
4.255691418979587e-03	-8.408823e-02
4.259251589347176e-03	-8.384512e-02
4.266371930082355e-03	-8.331909e-02
4.276137555082355e-03	-8.249009e-02
4.285903180082355e-03	-8.146705e-02
4.295668805082355e-03	-8.012270e-02
4.305434430082355e-03	-7.825973e-02
4.315200055082354e-03	-7.551745e-02
4.324965680082354e-03	-7.112899e-02
4.334731305082354e-03	-6.312982e-02
4.344496930082354e-03	-4.656278e-02
4.354262555082354e-03	-1.421695e-02
4.363398746317554e-03	3.445738e-02
4.373164371317554e-03	1.016084e-01
4.382929996317553e-03	1.708722e-01
4.392695621317553e-03	2.211911e-01
4.401239929223237e-03	2.359916e-01
4.409934460224270e-03	2.324699e-01
4.419020272370853e-03	2.258699e-01
4.428785897370852e-03	2.187236e-01
4.438551522370852e-03	2.115066e-01
4.448317147370852e-03	2.045315e-01
4.458082772370852e-03	1.978121e-01
4.467848397370851e-03	1.914865e-01
4.477614022370851e-03	1.855791e-01
4.487379647370851e-03	1.801072e-01
4.497145272370851e-03	1.750678e-01
4.506910897370851e-03	1.704609e-01
4.516676522370850e-03	1.662706e-01
4.526442147370850e-03	1.624841e-01
4.536207772370850e-03	1.590798e-01
4.545973397370850e-03	1.560397e-01
4.555739022370850e-03	1.533408e-01
4.565504647370849e-03	1.509638e-01
4.575270272370849e-03	1.488865e-01
4.585035897370849e-03	1.470904e-01
4.594801522370849e-03	1.455553e-01
4.604567147370849e-03	1.442638e-01
4.614332772370848e-03	1.431979e-01
4.624098397370848e-03	1.423419e-01
4.633864022370848e-03	1.416801e-01
4.643629647370848e-03	1.411985e-01
4.653395272370848e-03	1.408830e-01
4.663160897370847e-03	1.407213e-01
4.672926522370847e-03	1.407013e-01
4.682692147370847e-03	1.408119e-01
4.692457772370847e-03	1.410427e-01
4.702223397370846e-03	1.413838e-01
4.711989022370846e-03	1.418262e-01
4.721754647370846e-03	1.423613e-01
4.731520272370846e-03	1.429809e-01
4.741285897370846e-03	1.436778e-01
4.751051522370845e-03	1.444449e-01
4.760817147370845e-03	1.452756e-01
4.770582772370845e-03	1.461638e-01
4.780348397370845e-03	1.471038e-01
4.790114022370845e-03	1.480903e-01
4.799879647370844e-03	1.491180e-01
4.809645272370844e-03	1.501823e-01
4.819410897370844e-03	1.512785e-01
4.829176522370844e-03	1.524023e-01
4.838942147370844e-03	1.535490e-01
4.848707772370843e-03	1.547140e-01
4.858473397370843e-03	1.558920e-01
4.868239022370843e-03	1.570766e-01
4.878004647370843e-03	1.582592e-01
4.887770272370843e-03	1.594274e-01
4.897535897370842e-03	1.605621e-01
4.907301522370842e-03	1.616318e-01
4.917067147370842e-03	1.625838e-01
4.926832772370842e-03	1.633275e-01
4.936598397370841e-03	1.637044e-01
4.946364022370841e-03	1.634195e-01
4.956129647370841e-03	1.618935e-01
4.965895272370841e-03	1.577851e-01
4.975660897370841e-03	1.470259e-01
4.985426522370840e-03	1.193623e-01
4.995192147370840e-03	6.121201e-02
5.004957772370840e-03	-3.098970e-02
5.014723397370840e-03	-1.339803e-01
5.019565637665759e-03	-1.637830e-01
5.025925659467126e-03	-1.696108e-01
5.030211744263819e-03	-1.676160e-01
5.035689298632875e-03	-1.645585e-01
5.045454923632875e-03	-1.585816e-01
5.046675626757874e-03	-1.578019e-01
5.049117033007875e-03	-1.562058e-01
5.053999845507875e-03	-1.530528e-01
5.054051005893291e-03	-1.530187e-01
5.054153326664122e-03	-1.529482e-01
5.054357968205784e-03	-1.528049e-01
5.054570867168067e-03	-1.526516e-01
5.054827598777170e-03	-1.524550e-01
5.055230407592776e-03	-1.521239e-01
5.055538198812146e-03	-1.518561e-01
5.055908897324998e-03	-1.515222e-01
5.056349031516164e-03	-1.511210e-01
5.057014291915005e-03	-1.505136e-01
5.057949702482621e-03	-1.496644e-01
5.059423203195332e-03	-1.483433e-01
5.061830284239093e-03	-1.462201e-01
5.063696272452181e-03	-1.446058e-01
5.065717060559452e-03	-1.428944e-01
5.067844277793449e-03	-1.411303e-01
5.070087700015007e-03	-1.393206e-01
5.074574544458123e-03	-1.358255e-01
5.079302124109466e-03	-1.323366e-01
5.088757283412152e-03	-1.258656e-01
5.098522908412151e-03	-1.197696e-01
5.108288533412151e-03	-1.143116e-01
5.127819783412151e-03	-1.051528e-01
5.137585408412151e-03	-1.013720e-01
5.147351033412150e-03	-9.807436e-02
5.157116658412150e-03	-9.522586e-02
5.166882283412150e-03	-9.279467e-02
5.176647908412150e-03	-9.075091e-02
5.186413533412149e-03	-8.906663e-02
5.196179158412149e-03	-8.771563e-02
5.205944783412149e-03	-8.667339e-02
5.215710408412149e-03	-8.591695e-02
5.225476033412149e-03	-8.542480e-02
5.235241658412148e-03	-8.517674e-02
5.245007283412148e-03	-8.513472e-02
5.251188507933231e-03	-8.519857e-02
5.251667619048938e-03	-8.520766e-02
5.252625841280351e-03	-8.522840e-02
5.253335719406567e-03	-8.524045e-02
5.253921086636996e-03	-8.523593e-02
5.254242918125437e-03	-8.520295e-02
5.254578253757802e-03	-8.512929e-02
5.254730271601617e-03	-8.509386e-02
5.254866621421292e-03	-8.507124e-02
5.255011564065633e-03	-8.505443e-02
5.255188034994925e-03	-8.503795e-02
5.255540976853508e-03	-8.501062e-02
5.256246860570675e-03	-8.496132e-02
5.257658628005007e-03	-8.486531e-02
5.260482162873673e-03	-8.466889e-02
5.266129232611005e-03	-8.424788e-02
5.275894857611005e-03	-8.342145e-02
5.285660482611004e-03	-8.241275e-02
5.295426107611004e-03	-8.109539e-02
5.305191732611004e-03	-7.928100e-02
5.314957357611004e-03	-7.662917e-02
5.324722982611003e-03	-7.242712e-02
5.334488607611003e-03	-6.487595e-02
5.344254232611003e-03	-4.933951e-02
5.354019857611003e-03	-1.834221e-02
5.363785482611003e-03	3.249415e-02
5.373551107611002e-03	9.898520e-02
5.383316732611002e-03	1.683860e-01
5.393082357611002e-03	2.196942e-01
5.401457880389595e-03	2.351357e-01
5.410033401140119e-03	2.319829e-01
5.419379446329870e-03	2.252181e-01
5.429096537807252e-03	2.181112e-01
5.438862162807252e-03	2.108918e-01
5.448627787807252e-03	2.039113e-01
5.458393412807252e-03	1.971861e-01
5.468159037807251e-03	1.908538e-01
5.477924662807251e-03	1.849400e-01
5.487690287807251e-03	1.794621e-01
5.497455912807251e-03	1.744175e-01
5.507221537807251e-03	1.698061e-01
5.516987162807250e-03	1.656122e-01
5.526752787807250e-03	1.618228e-01
5.536518412807250e-03	1.584163e-01
5.546284037807250e-03	1.553747e-01
5.556049662807250e-03	1.526749e-01
5.565815287807249e-03	1.502976e-01
5.575580912807249e-03	1.482207e-01
5.585346537807249e-03	1.464254e-01
5.595112162807249e-03	1.448916e-01
5.604877787807249e-03	1.436018e-01
5.614643412807248e-03	1.425380e-01
5.624409037807248e-03	1.416846e-01
5.634174662807248e-03	1.410257e-01
5.643940287807248e-03	1.405472e-01
5.653705912807248e-03	1.402352e-01
5.663471537807247e-03	1.400772e-01
5.673237162807247e-03	1.400612e-01
5.683002787807247e-03	1.401761e-01
5.692768412807247e-03	1.404112e-01
5.702534037807246e-03	1.407570e-01
5.712299662807246e-03	1.412041e-01
5.722065287807246e-03	1.417440e-01
5.731830912807246e-03	1.423688e-01
5.741596537807246e-03	1.430708e-01
5.751362162807245e-03	1.438432e-01
5.761127787807245e-03	1.446792e-01
5.770893412807245e-03	1.455729e-01
5.780659037807245e-03	1.465184e-01
5.790424662807245e-03	1.475104e-01
5.800190287807244e-03	1.485437e-01
5.809955912807244e-03	1.496136e-01
5.819721537807244e-03	1.507155e-01
5.829487162807244e-03	1.518449e-01
5.839252787807244e-03	1.529972e-01
5.849018412807243e-03	1.541677e-01
5.858784037807243e-03	1.553510e-01
5.868549662807243e-03	1.565407e-01
5.878315287807243e-03	1.577279e-01
5.888080912807243e-03	1.589000e-01
5.897846537807242e-03	1.600372e-01
5.907612162807242e-03	1.611071e-01
5.917377787807242e-03	1.620552e-01
5.927143412807242e-03	1.627881e-01
5.936909037807241e-03	1.631416e-01
5.946674662807241e-03	1.628089e-01
5.956440287807241e-03	1.611828e-01
5.966205912807241e-03	1.568361e-01
5.975971537807241e-03	1.454058e-01
5.985737162807240e-03	1.162581e-01
5.995502787807240e-03	5.600620e-02
6.005268412807240e-03	-3.729609e-02
6.015034037807240e-03	-1.380815e-01
6.019911845796146e-03	-1.658969e-01
6.026149329397619e-03	-1.699713e-01
6.030599567037677e-03	-1.677552e-01
6.036133333160006e-03	-1.646292e-01
6.045898958160006e-03	-1.586154e-01
6.047119661285006e-03	-1.578249e-01
6.049561067535006e-03	-1.561835e-01
6.050171419097507e-03	-1.557891e-01
6.051392122222506e-03	-1.550036e-01
6.053509504204834e-03	-1.536199e-01
6.053565370422600e-03	-1.535816e-01
6.053677102858132e-03	-1.534994e-01
6.053900567729196e-03	-1.533228e-01
6.054236944318190e-03	-1.530395e-01
6.054582311226312e-03	-1.527343e-01
6.055013251333415e-03	-1.523425e-01
6.055469421912534e-03	-1.519235e-01
6.056172559098428e-03	-1.512774e-01
6.057188051862003e-03	-1.503508e-01
6.058797319911334e-03	-1.489027e-01
6.061465444706549e-03	-1.465433e-01
6.063280624255574e-03	-1.449707e-01
6.065401291799084e-03	-1.431723e-01
6.067237891974347e-03	-1.416459e-01
6.069440179191157e-03	-1.398641e-01
6.073844753624778e-03	-1.364217e-01
6.078887553028025e-03	-1.326923e-01
6.088653178028025e-03	-1.260034e-01
6.098418803028025e-03	-1.199127e-01
6.108184428028024e-03	-1.144644e-01
6.117950053028024e-03	-1.096143e-01
6.127715678028024e-03	-1.053214e-01
6.137481303028024e-03	-1.015468e-01
6.147246928028024e-03	-9.825440e-02
6.157012553028023e-03	-9.541027e-02
6.176543803028023e-03	-9.094158e-02
6.186309428028023e-03	-8.925931e-02
6.196075053028023e-03	-8.790966e-02
6.205840678028022e-03	-8.686815e-02
6.215606303028022e-03	-8.611187e-02
6.225371928028022e-03	-8.561937e-02
6.235137553028022e-03	-8.537053e-02
6.244903178028022e-03	-8.534575e-02
6.254687876514350e-03	-8.547960e-02
6.255260081104193e-03	-8.549587e-02
6.255870432666693e-03	-8.551250e-02
6.256429785226854e-03	-8.552468e-02
6.256880987492977e-03	-8.552222e-02
6.257191804878043e-03	-8.549095e-02
6.257476549516128e-03	-8.542591e-02
6.257610199359919e-03	-8.539055e-02
6.257742227016794e-03	-8.536350e-02
6.257880470776199e-03	-8.534373e-02
6.258101324987892e-03	-8.532027e-02
6.258543033411278e-03	-8.528373e-02
6.259377603207735e-03	-8.522326e-02
6.261046742800648e-03	-8.510506e-02
6.264385021986472e-03	-8.485986e-02
6.271061580358122e-03	-8.432432e-02
6.280827205358122e-03	-8.341274e-02
6.290592830358122e-03	-8.227052e-02
6.300358455358122e-03	-8.074363e-02
6.310124080358121e-03	-7.858716e-02
6.319889705358121e-03	-7.532976e-02
6.329655330358121e-03	-6.989627e-02
6.339420955358121e-03	-5.940539e-02
6.349186580358121e-03	-3.756486e-02
6.358952205358120e-03	2.684842e-03
6.368717830358120e-03	6.187160e-02
6.378483455358120e-03	1.321565e-01
6.388249080358120e-03	1.980767e-01
6.395986988548047e-03	2.286068e-01
6.404686379906961e-03	2.347645e-01
6.411953559712572e-03	2.304520e-01
6.420075289283909e-03	2.245895e-01
6.429840914283909e-03	2.174226e-01
6.439606539283909e-03	2.101758e-01
6.449372164283909e-03	2.031559e-01
6.459137789283908e-03	1.964711e-01
6.468903414283908e-03	1.901722e-01
6.478669039283908e-03	1.842865e-01
6.488434664283908e-03	1.788347e-01
6.498200289283908e-03	1.738175e-01
6.507965914283907e-03	1.692316e-01
6.517731539283907e-03	1.650631e-01
6.527497164283907e-03	1.612974e-01
6.537262789283907e-03	1.579141e-01
6.547028414283907e-03	1.548940e-01
6.556794039283906e-03	1.522151e-01
6.566559664283906e-03	1.498571e-01
6.576325289283906e-03	1.477989e-01
6.586090914283906e-03	1.460209e-01
6.595856539283905e-03	1.445037e-01
6.605622164283905e-03	1.432294e-01
6.615387789283905e-03	1.421804e-01
6.625153414283905e-03	1.413408e-01
6.634919039283905e-03	1.406950e-01
6.644684664283904e-03	1.402289e-01
6.654450289283904e-03	1.399286e-01
6.664215914283904e-03	1.397817e-01
6.673981539283904e-03	1.397761e-01
6.683747164283904e-03	1.399008e-01
6.693512789283903e-03	1.401453e-01
6.703278414283903e-03	1.404999e-01
6.713044039283903e-03	1.409554e-01
6.722809664283903e-03	1.415032e-01
6.732575289283903e-03	1.421354e-01
6.742340914283902e-03	1.428446e-01
6.752106539283902e-03	1.436237e-01
6.761872164283902e-03	1.444661e-01
6.771637789283902e-03	1.453658e-01
6.781403414283902e-03	1.463170e-01
6.791169039283901e-03	1.473145e-01
6.800934664283901e-03	1.483530e-01
6.810700289283901e-03	1.494278e-01
6.820465914283901e-03	1.505343e-01
6.830231539283900e-03	1.516679e-01
6.839997164283900e-03	1.528242e-01
6.849762789283900e-03	1.539984e-01
6.859528414283900e-03	1.551849e-01
6.869294039283900e-03	1.563772e-01
6.879059664283899e-03	1.575661e-01
6.888825289283899e-03	1.587385e-01
6.898590914283899e-03	1.598736e-01
6.908356539283899e-03	1.609375e-01
6.918122164283899e-03	1.618730e-01
6.927887789283898e-03	1.625814e-01
6.937653414283898e-03	1.628896e-01
6.947419039283898e-03	1.624715e-01
6.957184664283898e-03	1.606741e-01
6.966950289283898e-03	1.559256e-01
6.976715914283897e-03	1.433775e-01
6.986481539283897e-03	1.118115e-01
6.996247164283897e-03	4.824368e-02
7.005966031325757e-03	-4.607310e-02
7.015731656325757e-03	-1.427020e-01
7.020816977596280e-03	-1.680175e-01
7.026896668543889e-03	-1.697552e-01
7.031713784806449e-03	-1.672072e-01
7.037438373329422e-03	-1.639979e-01
7.047203998329422e-03	-1.579796e-01
7.048424701454422e-03	-1.571725e-01
7.050866107704422e-03	-1.554709e-01
7.051476459266922e-03	-1.550722e-01
7.052697162391922e-03	-1.542801e-01
7.052726404240703e-03	-1.542599e-01
7.052784887938265e-03	-1.542170e-01
7.052901855333388e-03	-1.541272e-01
7.053135790123633e-03	-1.539376e-01
7.053422093253553e-03	-1.536929e-01
7.053759000339400e-03	-1.533921e-01
7.054180805748794e-03	-1.530059e-01
7.054649705017460e-03	-1.525723e-01
7.055359614431960e-03	-1.519159e-01
7.056396743302243e-03	-1.509637e-01
7.058036645558698e-03	-1.494793e-01
7.060738070359313e-03	-1.470765e-01
7.062501363586696e-03	-1.455411e-01
7.064939910761787e-03	-1.434634e-01
7.066648057083156e-03	-1.420376e-01
7.068843508690586e-03	-1.402542e-01
7.073234411905447e-03	-1.368258e-01
7.080431809755604e-03	-1.315377e-01
7.090197434755603e-03	-1.249314e-01
7.099963059755603e-03	-1.189564e-01
7.109728684755603e-03	-1.136155e-01
7.119494309755603e-03	-1.088651e-01
7.129259934755603e-03	-1.046645e-01
7.148791184755602e-03	-9.776253e-02
7.158556809755602e-03	-9.499180e-02
7.168322434755602e-03	-9.263195e-02
7.178088059755602e-03	-9.065358e-02
7.187853684755601e-03	-8.902909e-02
7.197619309755601e-03	-8.773268e-02
7.207384934755601e-03	-8.674017e-02
7.217150559755601e-03	-8.602890e-02
7.226916184755600e-03	-8.557770e-02
7.236681809755600e-03	-8.536670e-02
7.246447434755600e-03	-8.537687e-02
7.256270280214585e-03	-8.554528e-02
7.256804337831772e-03	-8.556262e-02
7.257414689394272e-03	-8.558257e-02
7.258635392519272e-03	-8.561832e-02
7.259386607533024e-03	-8.563308e-02
7.259446958174275e-03	-8.563227e-02
7.259567659456777e-03	-8.562216e-02
7.259719896560591e-03	-8.559236e-02
7.259864170031900e-03	-8.554854e-02
7.260001309838965e-03	-8.550487e-02
7.260127278044344e-03	-8.547334e-02
7.260264870107985e-03	-8.544941e-02
7.260540054235268e-03	-8.541656e-02
7.261090422489833e-03	-8.536861e-02
7.262191158998964e-03	-8.528643e-02
7.264392632017225e-03	-8.512336e-02
7.268795578053747e-03	-8.477616e-02
7.277601470126792e-03	-8.399273e-02
7.287367095126792e-03	-8.293877e-02
7.297132720126792e-03	-8.156371e-02
7.306898345126792e-03	-7.966286e-02
7.316663970126792e-03	-7.686863e-02
7.326429595126791e-03	-7.239581e-02
7.336195220126791e-03	-6.422433e-02
7.345960845126791e-03	-4.729868e-02
7.355726470126791e-03	-1.409004e-02
7.365492095126791e-03	3.891455e-02
7.375257720126790e-03	1.065643e-01
7.385023345126790e-03	1.748246e-01
7.394788970126790e-03	2.214048e-01
7.404090401941650e-03	2.341565e-01
7.413435258732138e-03	2.294249e-01
7.422003602813269e-03	2.231334e-01
7.431769227813269e-03	2.159719e-01
7.441534852813268e-03	2.087873e-01
7.451300477813268e-03	2.018674e-01
7.461066102813268e-03	1.952210e-01
7.470831727813268e-03	1.889788e-01
7.480597352813268e-03	1.831608e-01
7.490362977813267e-03	1.777815e-01
7.500128602813267e-03	1.728357e-01
7.509894227813267e-03	1.683216e-01
7.519659852813267e-03	1.642220e-01
7.529425477813267e-03	1.605234e-01
7.539191102813266e-03	1.572035e-01
7.548956727813266e-03	1.542441e-01
7.558722352813266e-03	1.516219e-01
7.568487977813266e-03	1.493178e-01
7.578253602813266e-03	1.473096e-01
7.588019227813265e-03	1.455788e-01
7.597784852813265e-03	1.441054e-01
7.607550477813265e-03	1.428721e-01
7.617316102813265e-03	1.418613e-01
7.627081727813264e-03	1.410573e-01
7.636847352813264e-03	1.404445e-01
7.646612977813264e-03	1.400092e-01
7.656378602813264e-03	1.397374e-01
7.666144227813264e-03	1.396170e-01
7.675909852813263e-03	1.396360e-01
7.685675477813263e-03	1.397834e-01
7.695441102813263e-03	1.400490e-01
7.705206727813263e-03	1.404230e-01
7.714972352813263e-03	1.408965e-01
7.724737977813262e-03	1.414609e-01
7.734503602813262e-03	1.421085e-01
7.744269227813262e-03	1.428317e-01
7.754034852813262e-03	1.436237e-01
7.763800477813262e-03	1.444780e-01
7.773566102813261e-03	1.453886e-01
7.783331727813261e-03	1.463498e-01
7.793097352813261e-03	1.473562e-01
7.802862977813261e-03	1.484029e-01
7.812628602813261e-03	1.494851e-01
7.822394227813261e-03	1.505982e-01
7.832159852813261e-03	1.517377e-01
7.841925477813261e-03	1.528989e-01
7.851691102813261e-03	1.540771e-01
7.861456727813260e-03	1.552665e-01
7.871222352813260e-03	1.564601e-01
7.880987977813260e-03	1.576480e-01
7.890753602813260e-03	1.588160e-01
7.900519227813260e-03	1.599409e-01
7.910284852813259e-03	1.609851e-01
7.920050477813259e-03	1.618844e-01
7.929816102813259e-03	1.625281e-01
7.939581727813259e-03	1.627203e-01
7.949347352813258e-03	1.620869e-01
7.959112977813258e-03	1.598550e-01
7.968878602813258e-03	1.540599e-01
7.978644227813258e-03	1.386504e-01
7.988409852813258e-03	1.012369e-01
7.998175477813257e-03	3.008027e-02
8.007859087883772e-03	-7.021354e-02
8.014863645927748e-03	-1.427465e-01
8.019272273288964e-03	-1.669709e-01
8.024841424329663e-03	-1.706318e-01
8.029013590380453e-03	-1.686711e-01
8.034264763286702e-03	-1.658149e-01
8.044030388286702e-03	-1.598805e-01
8.045251091411703e-03	-1.591003e-01
8.047692497661702e-03	-1.574847e-01
8.048302849224202e-03	-1.570911e-01
8.049523552349202e-03	-1.563039e-01
8.051964958599202e-03	-1.547100e-01
8.051981512796380e-03	-1.546990e-01
8.052014621190734e-03	-1.546760e-01
8.052080837979442e-03	-1.546277e-01
8.052213271556859e-03	-1.545247e-01
8.052478138711693e-03	-1.543056e-01
8.052740348527888e-03	-1.540771e-01
8.053141174202772e-03	-1.537141e-01
8.053591039065425e-03	-1.532987e-01
8.054117821343462e-03	-1.528090e-01
8.054917192099501e-03	-1.520678e-01
8.056121073346899e-03	-1.509620e-01
8.058052363043923e-03	-1.492182e-01
8.061327092030827e-03	-1.463220e-01
8.063288574430968e-03	-1.446279e-01
8.065615170468155e-03	-1.426663e-01
8.067585873336561e-03	-1.410407e-01
8.069924267087069e-03	-1.391665e-01
8.074601054588081e-03	-1.355487e-01
8.079386873840969e-03	-1.320456e-01
8.088958512346743e-03	-1.255552e-01
8.098724137346743e-03	-1.195192e-01
8.108489762346743e-03	-1.141178e-01
8.118255387346743e-03	-1.093109e-01
8.137786637346742e-03	-1.013191e-01
8.157317887346742e-03	-9.524590e-02
8.167083512346742e-03	-9.284567e-02
8.176849137346742e-03	-9.082956e-02
8.186614762346741e-03	-8.916983e-02
8.196380387346741e-03	-8.784050e-02
8.206146012346741e-03	-8.681726e-02
8.215911637346741e-03	-8.607734e-02
8.225677262346741e-03	-8.559941e-02
8.235442887346740e-03	-8.536350e-02
8.245208512346740e-03	-8.535083e-02
8.254974137346740e-03	-8.550062e-02
8.255751371073134e-03	-8.552146e-02
8.257305838525925e-03	-8.557414e-02
8.260414773431507e-03	-8.567148e-02
8.261637456509938e-03	-8.563313e-02
8.262385802074680e-03	-8.551590e-02
8.262685494371862e-03	-8.546640e-02
8.262879128464920e-03	-8.545091e-02
8.262997583532484e-03	-8.544248e-02
8.263113539371923e-03	-8.543304e-02
8.263232337039648e-03	-8.542415e-02
8.263392328139819e-03	-8.541204e-02
8.263712310340161e-03	-8.538816e-02
8.265632203542213e-03	-8.524366e-02
8.268192061144947e-03	-8.504349e-02
8.273311776350416e-03	-8.460750e-02
8.283077401350416e-03	-8.364258e-02
8.292843026350416e-03	-8.243237e-02
8.302608651350416e-03	-8.080189e-02
8.312374276350416e-03	-7.847707e-02
8.322139901350415e-03	-7.491554e-02
8.331905526350415e-03	-6.883466e-02
8.341671151350415e-03	-5.678720e-02
8.351436776350415e-03	-3.192864e-02
8.361202401350415e-03	1.211577e-02
8.370968026350414e-03	7.416369e-02
8.380733651350414e-03	1.448798e-01
8.390499276350414e-03	2.071615e-01
8.397982001363595e-03	2.316404e-01
8.406246373737953e-03	2.339678e-01
8.413540447287201e-03	2.292445e-01
8.421551272153010e-03	2.234789e-01
8.431316897153009e-03	2.162176e-01
8.441082522153009e-03	2.090198e-01
8.450848147153009e-03	2.020494e-01
8.460613772153009e-03	1.954087e-01
8.470379397153008e-03	1.891553e-01
8.480145022153008e-03	1.833209e-01
8.489910647153008e-03	1.779198e-01
8.499676272153008e-03	1.729546e-01
8.509441897153008e-03	1.684188e-01
8.519207522153007e-03	1.642997e-01
8.528973147153007e-03	1.605808e-01
8.538738772153007e-03	1.572428e-01
8.548504397153007e-03	1.542651e-01
8.558270022153007e-03	1.516268e-01
8.568035647153006e-03	1.493068e-01
8.577801272153006e-03	1.472845e-01
8.587566897153006e-03	1.455401e-01
8.597332522153006e-03	1.440545e-01
8.607098147153006e-03	1.428097e-01
8.616863772153005e-03	1.417886e-01
8.626629397153005e-03	1.409749e-01
8.636395022153005e-03	1.403535e-01
8.646160647153005e-03	1.399100e-01
8.655926272153005e-03	1.396310e-01
8.665691897153004e-03	1.395039e-01
8.675457522153004e-03	1.395170e-01
8.685223147153004e-03	1.396591e-01
8.694988772153004e-03	1.399198e-01
8.704754397153004e-03	1.402895e-01
8.714520022153003e-03	1.407592e-01
8.724285647153003e-03	1.413203e-01
8.734051272153003e-03	1.419649e-01
8.743816897153003e-03	1.426856e-01
8.753582522153002e-03	1.434754e-01
8.763348147153002e-03	1.443279e-01
8.773113772153002e-03	1.452370e-01
8.782879397153002e-03	1.461970e-01
8.792645022153002e-03	1.472025e-01
8.802410647153001e-03	1.482486e-01
8.812176272153001e-03	1.493304e-01
8.821941897153001e-03	1.504433e-01
8.831707522153001e-03	1.515828e-01
8.841473147153001e-03	1.527444e-01
8.851238772153000e-03	1.539231e-01
8.861004397153000e-03	1.551133e-01
8.870770022153000e-03	1.563080e-01
8.880535647153000e-03	1.574976e-01
8.890301272153000e-03	1.586678e-01
8.900066897152999e-03	1.597961e-01
8.909832522152999e-03	1.608453e-01
8.919598147152999e-03	1.617527e-01
8.929363772152999e-03	1.624096e-01
8.939129397152999e-03	1.626242e-01
8.948895022152998e-03	1.620312e-01
8.958660647152998e-03	1.598800e-01
8.968426272152998e-03	1.542806e-01
8.978191897152998e-03	1.393984e-01
8.987957522152997e-03	1.030254e-01
8.997723147152997e-03	3.318014e-02
9.007393638008610e-03	-6.617157e-02
9.014659849203681e-03	-1.418450e-01
9.019098215960530e-03	-1.667489e-01
9.024750220438910e-03	-1.707184e-01
9.028915635979202e-03	-1.687664e-01
9.034181346752818e-03	-1.658914e-01
9.043946971752818e-03	-1.599594e-01
9.045167674877818e-03	-1.591794e-01
9.047609081127818e-03	-1.575655e-01
9.048219432690317e-03	-1.571717e-01
9.049440135815318e-03	-1.563880e-01
9.049745311596568e-03	-1.561905e-01
9.050355663159067e-03	-1.557907e-01
9.051237263214650e-03	-1.552067e-01
9.051242810413807e-03	-1.552029e-01
9.051276093608741e-03	-1.551798e-01
9.051320471201987e-03	-1.551482e-01
9.051409226388481e-03	-1.550830e-01
9.051586736761466e-03	-1.549454e-01
9.051893196912415e-03	-1.546931e-01
9.052180148004792e-03	-1.544425e-01
9.052587021478504e-03	-1.540721e-01
9.052953675995623e-03	-1.537318e-01
9.053534386867948e-03	-1.531893e-01
9.054332990323214e-03	-1.524457e-01
9.055572257797779e-03	-1.513028e-01
9.057537180338531e-03	-1.495224e-01
9.060943980536088e-03	-1.464999e-01
9.062878666667613e-03	-1.448248e-01
9.065335921782880e-03	-1.427480e-01
9.067081590687450e-03	-1.413040e-01
9.069434602296504e-03	-1.394127e-01
9.074140625514612e-03	-1.357722e-01
9.080281959240537e-03	-1.312954e-01
9.090047584240537e-03	-1.247294e-01
9.099813209240536e-03	-1.187728e-01
9.109578834240536e-03	-1.134486e-01
9.129110084240536e-03	-1.045264e-01
9.138875709240536e-03	-1.008497e-01
9.148641334240535e-03	-9.764753e-02
9.158406959240535e-03	-9.488647e-02
9.168172584240535e-03	-9.253515e-02
9.177938209240535e-03	-9.056425e-02
9.187703834240534e-03	-8.894627e-02
9.197469459240534e-03	-8.765545e-02
9.207235084240534e-03	-8.666767e-02
9.217000709240534e-03	-8.596037e-02
9.226766334240534e-03	-8.551240e-02
9.236531959240533e-03	-8.530399e-02
9.246297584240533e-03	-8.531652e-02
9.256063209240533e-03	-8.549158e-02
9.257138487812287e-03	-8.552357e-02
9.259289044955795e-03	-8.560263e-02
9.260891231734221e-03	-8.566479e-02
9.262188790030374e-03	-8.571354e-02
9.263073936522854e-03	-8.571739e-02
9.263526388423950e-03	-8.566213e-02
9.263949207049427e-03	-8.556104e-02
9.264193887727522e-03	-8.551253e-02
9.264358030824068e-03	-8.549432e-02
9.264506396044599e-03	-8.548123e-02
9.264659779545178e-03	-8.546806e-02
9.265144973069022e-03	-8.542972e-02
9.265695488174679e-03	-8.538736e-02
9.266796518385991e-03	-8.530222e-02
9.268998578808618e-03	-8.512707e-02
9.273402699653871e-03	-8.474968e-02
9.282210941344377e-03	-8.388453e-02
9.291976566344376e-03	-8.269840e-02
9.301742191344376e-03	-8.111775e-02
9.311507816344376e-03	-7.888003e-02
9.321273441344376e-03	-7.548377e-02
9.331039066344375e-03	-6.976666e-02
9.340804691344375e-03	-5.860239e-02
9.350570316344375e-03	-3.543770e-02
9.360335941344375e-03	6.514445e-03
9.370101566344375e-03	6.701164e-02
9.379867191344374e-03	1.375559e-01
9.389632816344374e-03	2.019853e-01
9.397217966922116e-03	2.297297e-01
9.405687358686800e-03	2.341631e-01
9.412947736011180e-03	2.296716e-01
9.421006407349374e-03	2.238399e-01
9.430772032349374e-03	2.166376e-01
9.440537657349373e-03	2.094269e-01
9.450303282349373e-03	2.024329e-01
9.460068907349373e-03	1.957662e-01
9.469834532349373e-03	1.894859e-01
9.479600157349373e-03	1.836220e-01
9.489365782349372e-03	1.781919e-01
9.499131407349372e-03	1.731973e-01
9.508897032349372e-03	1.686333e-01
9.518662657349372e-03	1.644868e-01
9.528428282349372e-03	1.607420e-01
9.538193907349371e-03	1.573793e-01
9.547959532349371e-03	1.543787e-01
9.557725157349371e-03	1.517187e-01
9.567490782349371e-03	1.493785e-01
9.577256407349371e-03	1.473374e-01
9.587022032349370e-03	1.455755e-01
9.596787657349370e-03	1.440737e-01
9.606553282349370e-03	1.428140e-01
9.616318907349370e-03	1.417789e-01
9.626084532349369e-03	1.409525e-01
9.635850157349369e-03	1.403193e-01
9.645615782349369e-03	1.398650e-01
9.655381407349369e-03	1.395761e-01
9.665147032349369e-03	1.394399e-01
9.674912657349368e-03	1.394446e-01
9.684678282349368e-03	1.395791e-01
9.694443907349368e-03	1.398330e-01
9.704209532349368e-03	1.401965e-01
9.713975157349368e-03	1.406605e-01
9.723740782349367e-03	1.412165e-01
9.733506407349367e-03	1.418566e-01
9.743272032349367e-03	1.425732e-01
9.753037657349367e-03	1.433594e-01
9.762803282349367e-03	1.442087e-01
9.772568907349366e-03	1.451150e-01
9.782334532349366e-03	1.460726e-01
9.792100157349366e-03	1.470760e-01
9.801865782349366e-03	1.481204e-01
9.811631407349366e-03	1.492007e-01
9.821397032349365e-03	1.503125e-01
9.831162657349365e-03	1.514513e-01
9.840928282349365e-03	1.526123e-01
9.850693907349365e-03	1.537908e-01
9.860459532349364e-03	1.549811e-01
9.870225157349364e-03	1.561764e-01
9.879990782349364e-03	1.573672e-01
9.889756407349364e-03	1.585394e-01
9.899522032349364e-03	1.596710e-01
9.909287657349363e-03	1.607259e-01
9.919053282349363e-03	1.616427e-01
9.928818907349363e-03	1.623156e-01
9.938584532349363e-03	1.625581e-01
9.948350157349363e-03	1.620160e-01
9.958115782349362e-03	1.599667e-01
9.967881407349362e-03	1.546137e-01
9.977647032349362e-03	1.404009e-01
9.987412657349362e-03	1.053715e-01
9.997178282349362e-03	4.361204e-02
1.000000000000000e-02	1.905015e-02