time	V(out)
0.000000000000000e+00	1.586087e-28
2.500000029215244e-08	1.945303e-09
5.000000058430487e-08	-1.150332e-09
8.465301729798110e-08	-3.961901e-08
1.204676403158593e-07	-1.625569e-07
1.568501789396529e-07	-4.373406e-07
1.958241371211103e-07	-9.918650e-07
2.460770479598081e-07	-2.251587e-06
3.127949995875423e-07	-5.140986e-06
4.022646552605518e-07	-1.182005e-05
5.215542701898262e-07	-2.716834e-05
6.820081022432246e-07	-6.107514e-05
8.495702715305348e-07	-1.166709e-04
1.040859007498633e-06	-2.120070e-04
1.260063050169131e-06	-3.712438e-04
1.536004412455096e-06	-6.585536e-04
1.869648313672447e-06	-1.152659e-03
2.289588507592141e-06	-2.031392e-03
2.806325472743467e-06	-3.548556e-03
3.458592404785510e-06	-6.213948e-03
4.274438271354909e-06	-1.081152e-02
5.313887346930980e-06	-1.880524e-02
6.637757319491172e-06	-3.253172e-02
8.351114640432250e-06	-5.614500e-02
1.058380332848664e-05	-9.631252e-02
1.354683026301572e-05	-1.600614e-01
1.755722608919224e-05	-2.393514e-01
2.058257640694544e-05	-2.706744e-01
2.386968581798611e-05	-2.770490e-01
2.700898666781648e-05	-2.775096e-01
2.747042020773495e-05	-2.774559e-01
2.839328728757191e-05	-2.770335e-01
2.862400405753115e-05	-2.769699e-01
2.908543759744963e-05	-2.768803e-01
2.920079598242925e-05	-2.768523e-01
2.943151275238849e-05	-2.767809e-01
2.970778056893218e-05	-2.766688e-01
2.989920322315668e-05	-2.765543e-01
3.011823838871479e-05	-2.763711e-01
3.028566136557567e-05	-2.761963e-01
3.048511164770920e-05	-2.759569e-01
3.072030121226919e-05	-2.756517e-01
3.106326055970205e-05	-2.751854e-01
3.153246051343013e-05	-2.745335e-01
3.223070777325412e-05	-2.735580e-01
3.334855633212097e-05	-2.720040e-01
3.533389053069374e-05	-2.692827e-01
3.930455892783929e-05	-2.639788e-01
4.595350374744185e-05	-2.553845e-01
5.060025829454298e-05	-2.495848e-01
5.350588574315074e-05	-2.460784e-01
5.666584884129553e-05	-2.423584e-01
5.867382348674170e-05	-2.400442e-01
6.151909532529718e-05	-2.368510e-01
6.720963900240816e-05	-2.306754e-01
7.395794525741032e-05	-2.237000e-01
8.372357025741031e-05	-2.142217e-01
9.348919525741031e-05	-2.054001e-01
1.032548202574103e-04	-1.972495e-01
1.130204452574103e-04	-1.897264e-01
1.227860702574103e-04	-1.827899e-01
1.325516952574103e-04	-1.764018e-01
1.423173202574103e-04	-1.705263e-01
1.520829452574103e-04	-1.651297e-01
1.618485702574103e-04	-1.601804e-01
1.716141952574103e-04	-1.556489e-01
1.813798202574103e-04	-1.515075e-01
1.911454452574104e-04	-1.477302e-01
2.009110702574104e-04	-1.442925e-01
2.106766952574104e-04	-1.411718e-01
2.204423202574104e-04	-1.383464e-01
2.302079452574104e-04	-1.357965e-01
2.399735702574104e-04	-1.335032e-01
2.497391952574104e-04	-1.314489e-01
2.595048202574104e-04	-1.296171e-01
2.692704452574104e-04	-1.279922e-01
2.790360702574104e-04	-1.265600e-01
2.888016952574104e-04	-1.253024e-01
2.985673202574105e-04	-1.241640e-01
2.987199081480355e-04	-1.241458e-01
2.990250839292855e-04	-1.241019e-01
2.992274404007311e-04	-1.240548e-01
2.993622770979730e-04	-1.239897e-01
2.994930691342665e-04	-1.238848e-01
2.995707580853443e-04	-1.238091e-01
2.996588584437072e-04	-1.237249e-01
2.997528499654684e-04	-1.236445e-01
2.999408330089908e-04	-1.235033e-01
3.003167990960356e-04	-1.232533e-01
3.010687312701253e-04	-1.227821e-01
3.025725956183045e-04	-1.217930e-01
3.055803243146631e-04	-1.195045e-01
3.115957817073802e-04	-1.135795e-01
3.213614067073802e-04	-9.853388e-02
3.311270317073802e-04	-6.448314e-02
3.408926567073802e-04	1.588373e-02
3.505670940739493e-04	1.584034e-01
3.596924446538501e-04	3.264256e-01
3.641602305102694e-04	3.849887e-01
3.690828719295922e-04	4.017574e-01
3.732835851102123e-04	3.967218e-01
3.777893925945205e-04	3.889082e-01
3.845748942168692e-04	3.769690e-01
3.941455192063177e-04	3.596215e-01
3.953662223313177e-04	3.573470e-01
3.978076285813177e-04	3.527110e-01
3.984179801438176e-04	3.515897e-01
3.996386832688176e-04	3.493620e-01
4.016718293919170e-04	3.456197e-01
4.017064720752373e-04	3.455553e-01
4.017757574418780e-04	3.454239e-01
4.019143281751594e-04	3.451545e-01
4.021914696417222e-04	3.446012e-01
4.024760983928156e-04	3.440171e-01
4.028918262490914e-04	3.431431e-01
4.033723538526961e-04	3.421184e-01
4.038659418791855e-04	3.410600e-01
4.046076215999776e-04	3.394712e-01
4.056808370627662e-04	3.371857e-01
4.073384300348049e-04	3.336942e-01
4.100462311847862e-04	3.280977e-01
4.148716586514196e-04	3.184670e-01
4.245225135846865e-04	3.001528e-01
4.342881385846865e-04	2.827750e-01
4.440537635846865e-04	2.666502e-01
4.538193885846865e-04	2.517018e-01
4.635850135846865e-04	2.378545e-01
4.733506385846865e-04	2.250374e-01
4.831162635846865e-04	2.131842e-01
4.928818885846865e-04	2.022325e-01
5.026475135846866e-04	1.921240e-01
5.124131385846866e-04	1.828038e-01
5.221787635846866e-04	1.742206e-01
5.319443885846866e-04	1.663262e-01
5.417100135846866e-04	1.590755e-01
5.514756385846866e-04	1.524260e-01
5.612412635846866e-04	1.463381e-01
5.710068885846866e-04	1.407746e-01
5.807725135846866e-04	1.357004e-01
5.905381385846866e-04	1.310830e-01
6.003037635846866e-04	1.268916e-01
6.100693885846866e-04	1.230974e-01
6.198350135846867e-04	1.196737e-01
6.296006385846867e-04	1.165950e-01
6.393662635846867e-04	1.138378e-01
6.491318885846867e-04	1.113799e-01
6.588975135846867e-04	1.092004e-01
6.686631385846867e-04	1.072801e-01
6.784287635846867e-04	1.056006e-01
6.881943885846867e-04	1.041450e-01
6.979600135846867e-04	1.028971e-01
7.077256385846867e-04	1.018421e-01
7.174912635846867e-04	1.009660e-01
7.272568885846868e-04	1.002556e-01
7.370225135846868e-04	9.969872e-02
7.467881385846868e-04	9.928383e-02
7.565537635846868e-04	9.900019e-02
7.663193885846868e-04	9.883778e-02
7.760850135846868e-04	9.878717e-02
7.858506385846868e-04	9.883960e-02
7.956162635846868e-04	9.898685e-02
8.053818885846868e-04	9.922123e-02
8.151475135846868e-04	9.953557e-02
8.249131385846868e-04	9.992316e-02
8.346787635846868e-04	1.003778e-01
8.444443885846869e-04	1.008935e-01
8.542100135846869e-04	1.014649e-01
8.639756385846869e-04	1.020869e-01
8.737412635846869e-04	1.027547e-01
8.835068885846869e-04	1.034640e-01
8.932725135846869e-04	1.042105e-01
9.030381385846869e-04	1.049905e-01
9.128037635846869e-04	1.058002e-01
9.225693885846869e-04	1.066365e-01
9.323350135846869e-04	1.074961e-01
9.421006385846869e-04	1.083762e-01
9.518662635846870e-04	1.092741e-01
9.616318885846870e-04	1.101872e-01
9.715501014753119e-04	1.111251e-01
9.736863319440619e-04	1.113288e-01
9.761277381940619e-04	1.115608e-01
9.763566200299994e-04	1.115822e-01
9.766617958112493e-04	1.116102e-01
9.772721473737494e-04	1.116621e-01
9.776683778496707e-04	1.116829e-01
9.778756998635241e-04	1.116565e-01
9.779928704880053e-04	1.115863e-01
9.780677924546752e-04	1.115016e-01
9.781556688668236e-04	1.113860e-01
9.782239182246153e-04	1.113033e-01
9.782979648103134e-04	1.112248e-01
9.784460579817095e-04	1.110901e-01
9.787422443245019e-04	1.108660e-01
9.793346170100866e-04	1.104777e-01
9.805193623812559e-04	1.096894e-01
9.828888531235945e-04	1.077423e-01
9.876278346082716e-04	1.012743e-01
9.971057975776262e-04	7.276472e-02
1.004482629981601e-03	1.524607e-02
1.010664018587079e-03	-8.821046e-02
1.017003699402928e-03	-2.516083e-01
1.020634771595612e-03	-3.584411e-01
1.023117547144345e-03	-4.103506e-01
1.026165751684555e-03	-4.296707e-01
1.028836475186871e-03	-4.275734e-01
1.031649937517063e-03	-4.228189e-01
1.035655207750225e-03	-4.158781e-01
1.036375590707476e-03	-4.145994e-01
1.037816356621979e-03	-4.121512e-01
1.037898996438036e-03	-4.119923e-01
1.038064276070151e-03	-4.116466e-01
1.038299779547898e-03	-4.111367e-01
1.038575804066929e-03	-4.104994e-01
1.038766164796226e-03	-4.100271e-01
1.038988028180657e-03	-4.094475e-01
1.039227720036336e-03	-4.088050e-01
1.039590649005528e-03	-4.078195e-01
1.040080768814695e-03	-4.064838e-01
1.040826992759081e-03	-4.044546e-01
1.041982642672403e-03	-4.013346e-01
1.043948777131969e-03	-3.961009e-01
1.047881046051101e-03	-3.858964e-01
1.054719843793240e-03	-3.687809e-01
1.061651633947059e-03	-3.521013e-01
1.065012906464861e-03	-3.443223e-01
1.068577248890326e-03	-3.363229e-01
1.070938092653493e-03	-3.311478e-01
1.074143422401013e-03	-3.243132e-01
1.079702682736364e-03	-3.128209e-01
1.084995906247358e-03	-3.023583e-01
1.094761531247358e-03	-2.841392e-01
1.114292781247358e-03	-2.512863e-01
1.133824031247358e-03	-2.231127e-01
1.143589656247358e-03	-2.105955e-01
1.153355281247358e-03	-1.990349e-01
1.163120906247358e-03	-1.883690e-01
1.172886531247358e-03	-1.785395e-01
1.182652156247358e-03	-1.694920e-01
1.192417781247358e-03	-1.611751e-01
1.202183406247358e-03	-1.535410e-01
1.211949031247358e-03	-1.465447e-01
1.221714656247358e-03	-1.401439e-01
1.231480281247358e-03	-1.342991e-01
1.241245906247358e-03	-1.289733e-01
1.251011531247358e-03	-1.241317e-01
1.260777156247358e-03	-1.197418e-01
1.270542781247358e-03	-1.157730e-01
1.280308406247358e-03	-1.121967e-01
1.290074031247358e-03	-1.089857e-01
1.299839656247358e-03	-1.060369e-01
1.300297419919233e-03	-1.059094e-01
1.300907771481733e-03	-1.057415e-01
1.301581660640795e-03	-1.055563e-01
1.302726576381331e-03	-1.052341e-01
1.303204777218808e-03	-1.050887e-01
1.303240978754104e-03	-1.050751e-01
1.303313381824697e-03	-1.050389e-01
1.303386560053490e-03	-1.049852e-01
1.303460633583350e-03	-1.049068e-01
1.303511453952859e-03	-1.048409e-01
1.303574264211638e-03	-1.047567e-01
1.303648920587406e-03	-1.046648e-01
1.303737561138523e-03	-1.045693e-01
1.303893789838184e-03	-1.044269e-01
1.304206247237507e-03	-1.041848e-01
1.304831162036152e-03	-1.037467e-01
1.306080991633442e-03	-1.028713e-01
1.308580650828022e-03	-1.009928e-01
1.313579969217183e-03	-9.673192e-02
1.322443288750206e-03	-8.747134e-02
1.332208913750206e-03	-7.247521e-02
1.341974538750206e-03	-4.075075e-02
1.351740163750206e-03	3.137361e-02
1.360309696054193e-03	1.473947e-01
1.368965473125449e-03	3.059565e-01
1.374112094142632e-03	3.947108e-01
1.377947276661132e-03	4.282016e-01
1.382765249932015e-03	4.311709e-01
1.386281466048997e-03	4.257688e-01
1.390954606532183e-03	4.179242e-01
1.400300887498556e-03	4.013578e-01
1.401521590623556e-03	3.991390e-01
1.403962996873556e-03	3.946352e-01
1.404573348436056e-03	3.935118e-01
1.405794051561056e-03	3.912591e-01
1.405911284243298e-03	3.910397e-01
1.406145749607780e-03	3.905885e-01
1.406614680336745e-03	3.896474e-01
1.407294625378745e-03	3.882200e-01
1.407569283792879e-03	3.876226e-01
1.408043548670199e-03	3.865724e-01
1.408614756945114e-03	3.853053e-01
1.409508208326190e-03	3.833282e-01
1.410757721745359e-03	3.805834e-01
1.412788610296170e-03	3.761808e-01
1.416155815559799e-03	3.690546e-01
1.422890226087058e-03	3.553534e-01
1.432655851087058e-03	3.365254e-01
1.442421476087058e-03	3.189021e-01
1.452187101087058e-03	3.025115e-01
1.461952726087058e-03	2.872753e-01
1.471718351087058e-03	2.731202e-01
1.481483976087058e-03	2.599773e-01
1.491249601087058e-03	2.477820e-01
1.501015226087058e-03	2.364736e-01
1.510780851087058e-03	2.259953e-01
1.520546476087058e-03	2.162938e-01
1.530312101087058e-03	2.073191e-01
1.540077726087058e-03	1.990241e-01
1.549843351087058e-03	1.913649e-01
1.559608976087058e-03	1.843002e-01
1.569374601087058e-03	1.777913e-01
1.579140226087058e-03	1.718019e-01
1.588905851087058e-03	1.662979e-01
1.598671476087058e-03	1.612474e-01
1.608437101087058e-03	1.566205e-01
1.618202726087058e-03	1.523890e-01
1.627968351087058e-03	1.485267e-01
1.637733976087058e-03	1.450090e-01
1.647499601087058e-03	1.418126e-01
1.657265226087058e-03	1.389160e-01
1.667030851087058e-03	1.362987e-01
1.676796476087058e-03	1.339419e-01
1.686562101087058e-03	1.318276e-01
1.696327726087058e-03	1.299391e-01
1.706093351087058e-03	1.282608e-01
1.715858976087058e-03	1.267780e-01
1.725624601087058e-03	1.254769e-01
1.735390226087058e-03	1.243448e-01
1.745155851087058e-03	1.233695e-01
1.754921476087058e-03	1.225398e-01
1.764687101087058e-03	1.218451e-01
1.774452726087058e-03	1.212755e-01
1.784218351087058e-03	1.208217e-01
1.793983976087058e-03	1.204752e-01
1.803749601087058e-03	1.202278e-01
1.813515226087058e-03	1.200718e-01
1.823280851087059e-03	1.200003e-01
1.833046476087059e-03	1.200066e-01
1.842812101087059e-03	1.200845e-01
1.852577726087059e-03	1.202282e-01
1.862343351087059e-03	1.204323e-01
1.872108976087059e-03	1.206918e-01
1.881874601087059e-03	1.210018e-01
1.891640226087059e-03	1.213580e-01
1.901405851087059e-03	1.217563e-01
1.911171476087059e-03	1.221928e-01
1.920937101087059e-03	1.226640e-01
1.930702726087059e-03	1.231664e-01
1.940468351087059e-03	1.236970e-01
1.950233976087059e-03	1.242528e-01
1.959999601087059e-03	1.248311e-01
1.969917813977683e-03	1.254342e-01
1.970833341321433e-03	1.254912e-01
1.972054044446434e-03	1.255665e-01
1.973517270702867e-03	1.256510e-01
1.974611841647305e-03	1.255902e-01
1.975128626086863e-03	1.253357e-01
1.975430642970455e-03	1.250526e-01
1.975754395462457e-03	1.247412e-01
1.976035911155348e-03	1.245099e-01
1.976330623503132e-03	1.242854e-01
1.976670426922703e-03	1.240312e-01
1.977072365942887e-03	1.237266e-01
1.977612977811092e-03	1.232993e-01
1.978376148992402e-03	1.226525e-01
1.979525994224139e-03	1.215636e-01
1.981478398117426e-03	1.193558e-01
1.984750928907008e-03	1.140498e-01
1.991295990486172e-03	9.401724e-02
1.998144740431467e-03	4.720711e-02
2.003886198686919e-03	-3.622425e-02
2.010646199708267e-03	-1.947012e-01
2.015559524534585e-03	-3.325236e-01
2.018407594948038e-03	-3.919588e-01
2.021503734039513e-03	-4.123873e-01
2.024637795761051e-03	-4.099408e-01
2.027481670869774e-03	-4.052894e-01
2.031843682642751e-03	-3.978833e-01
2.032603350163260e-03	-3.965698e-01
2.034122685204277e-03	-3.940455e-01
2.034502518964532e-03	-3.933539e-01
2.035262186485040e-03	-3.919245e-01
2.036095682737751e-03	-3.903673e-01
2.036169542600851e-03	-3.902262e-01
2.036317262327052e-03	-3.899289e-01
2.036612701779454e-03	-3.892933e-01
2.036893573520185e-03	-3.886418e-01
2.037042691410371e-03	-3.882724e-01
2.037297421198401e-03	-3.876168e-01
2.037585837688426e-03	-3.868631e-01
2.038013407936716e-03	-3.857378e-01
2.038605267149118e-03	-3.841806e-01
2.039537324152645e-03	-3.817405e-01
2.041019561850675e-03	-3.778985e-01
2.043590327770550e-03	-3.713583e-01
2.048731859610300e-03	-3.586767e-01
2.056248613653540e-03	-3.408290e-01
2.061353897442554e-03	-3.291769e-01
2.064459936921995e-03	-3.223403e-01
2.067730109595734e-03	-3.153282e-01
2.069914281203733e-03	-3.107468e-01
2.072910667075525e-03	-3.046322e-01
2.078903438819109e-03	-2.927886e-01
2.084514493485754e-03	-2.822026e-01
2.094280118485753e-03	-2.648527e-01
2.113811368485753e-03	-2.336356e-01
2.133342618485753e-03	-2.069329e-01
2.143108243485752e-03	-1.950951e-01
2.162639493485752e-03	-1.741261e-01
2.172405118485752e-03	-1.648785e-01
2.182170743485751e-03	-1.563839e-01
2.191936368485751e-03	-1.485927e-01
2.201701993485751e-03	-1.414585e-01
2.211467618485751e-03	-1.349378e-01
2.221233243485751e-03	-1.289898e-01
2.230998868485750e-03	-1.235762e-01
2.240764493485750e-03	-1.186611e-01
2.250530118485750e-03	-1.142109e-01
2.260295743485750e-03	-1.101942e-01
2.270061368485750e-03	-1.065814e-01
2.279826993485749e-03	-1.033448e-01
2.289592618485749e-03	-1.004585e-01
2.300578946610749e-03	-9.752885e-02
2.303020352860749e-03	-9.694712e-02
2.303630704423249e-03	-9.680380e-02
2.304851407548249e-03	-9.651984e-02
2.305728604599663e-03	-9.631087e-02
2.306252044423797e-03	-9.617853e-02
2.306274388736800e-03	-9.617218e-02
2.306319077362804e-03	-9.615716e-02
2.306408454614813e-03	-9.611853e-02
2.306486932933351e-03	-9.606642e-02
2.306567833019479e-03	-9.598649e-02
2.306620476888634e-03	-9.592199e-02
2.306686846461630e-03	-9.583843e-02
2.306763643041231e-03	-9.575114e-02
2.306855508358101e-03	-9.566171e-02
2.307017761191439e-03	-9.553018e-02
2.307342266858113e-03	-9.530798e-02
2.307991278191463e-03	-9.490240e-02
2.309289300858161e-03	-9.408367e-02
2.311885346191559e-03	-9.232056e-02
2.317077436858353e-03	-8.833528e-02
2.325978274320149e-03	-8.007950e-02
2.335743899320149e-03	-6.738500e-02
2.345509524320149e-03	-4.268025e-02
2.355275149320149e-03	1.353163e-02
2.363558237742338e-03	1.083359e-01
2.372391779910570e-03	2.579522e-01
2.378997484824202e-03	3.782700e-01
2.383121706454391e-03	4.249330e-01
2.389043245907094e-03	4.374802e-01
2.393271742050142e-03	4.315255e-01
2.398060765837267e-03	4.228832e-01
2.406269874821574e-03	4.078178e-01
2.407490577946574e-03	4.055752e-01
2.409931984196574e-03	4.011814e-01
2.409983980943072e-03	4.010807e-01
2.410087974436069e-03	4.008691e-01
2.410295961422063e-03	4.004453e-01
2.410557822442532e-03	3.999060e-01
2.410854621265307e-03	3.992804e-01
2.411196256074240e-03	3.985385e-01
2.411593788621296e-03	3.976534e-01
2.412010165163095e-03	3.967123e-01
2.412573815038814e-03	3.954305e-01
2.413360163306598e-03	3.936438e-01
2.414515546264694e-03	3.910340e-01
2.416298288958681e-03	3.870528e-01
2.419251336855842e-03	3.805884e-01
2.424548272858446e-03	3.693964e-01
2.434313897858446e-03	3.497701e-01
2.444079522858446e-03	3.313406e-01
2.453845147858446e-03	3.141913e-01
2.463610772858445e-03	2.982412e-01
2.473376397858445e-03	2.834141e-01
2.483142022858445e-03	2.696386e-01
2.492907647858445e-03	2.568478e-01
2.502673272858445e-03	2.449789e-01
2.512438897858444e-03	2.339728e-01
2.522204522858444e-03	2.237744e-01
2.531970147858444e-03	2.143317e-01
2.541735772858444e-03	2.055960e-01
2.551501397858444e-03	1.975217e-01
2.561267022858443e-03	1.900661e-01
2.571032647858443e-03	1.831889e-01
2.580798272858443e-03	1.768524e-01
2.590563897858443e-03	1.710215e-01
2.600329522858442e-03	1.656628e-01
2.610095147858442e-03	1.607454e-01
2.619860772858442e-03	1.562402e-01
2.629626397858442e-03	1.521199e-01
2.639392022858442e-03	1.483588e-01
2.649157647858441e-03	1.449329e-01
2.658923272858441e-03	1.418199e-01
2.668688897858441e-03	1.389985e-01
2.678454522858441e-03	1.364490e-01
2.688220147858441e-03	1.341529e-01
2.697985772858440e-03	1.320928e-01
2.707751397858440e-03	1.302526e-01
2.717517022858440e-03	1.286169e-01
2.727282647858440e-03	1.271714e-01
2.737048272858440e-03	1.259029e-01
2.746813897858439e-03	1.247987e-01
2.756579522858439e-03	1.238473e-01
2.766345147858439e-03	1.230375e-01
2.776110772858439e-03	1.223591e-01
2.785876397858439e-03	1.218024e-01
2.795642022858438e-03	1.213586e-01
2.805407647858438e-03	1.210191e-01
2.815173272858438e-03	1.207760e-01
2.824938897858438e-03	1.206221e-01
2.834704522858437e-03	1.205503e-01
2.844470147858437e-03	1.205542e-01
2.854235772858437e-03	1.206279e-01
2.864001397858437e-03	1.207656e-01
2.873767022858437e-03	1.209621e-01
2.883532647858436e-03	1.212124e-01
2.893298272858436e-03	1.215120e-01
2.903063897858436e-03	1.218566e-01
2.912829522858436e-03	1.222421e-01
2.922595147858436e-03	1.226648e-01
2.932360772858435e-03	1.231213e-01
2.942126397858435e-03	1.236082e-01
2.951892022858435e-03	1.241225e-01
2.961657647858435e-03	1.246592e-01
2.968104848993801e-03	1.250235e-01
2.968562612665676e-03	1.250501e-01
2.969295550993241e-03	1.250917e-01
2.970069643090574e-03	1.251350e-01
2.971140043354188e-03	1.251898e-01
2.971751728543467e-03	1.251767e-01
2.972078060110850e-03	1.250416e-01
2.972383924622912e-03	1.247450e-01
2.972501393072962e-03	1.246080e-01
2.972574194839831e-03	1.245322e-01
2.972632287020267e-03	1.244769e-01
2.972695428928206e-03	1.244179e-01
2.972780813332796e-03	1.243420e-01
2.972951582141977e-03	1.241989e-01
2.973293119760337e-03	1.239288e-01
2.973976194997059e-03	1.233963e-01
2.975342345470501e-03	1.222260e-01
2.978074646417387e-03	1.191751e-01
2.983539248311158e-03	1.072925e-01
2.993304873311157e-03	5.980321e-02
2.999474531711038e-03	-1.202169e-02
3.006308243933156e-03	-1.566107e-01
3.012662153579565e-03	-3.268348e-01
3.015768226493729e-03	-3.898848e-01
3.018991938939198e-03	-4.106278e-01
3.021928393230711e-03	-4.082610e-01
3.025029429281106e-03	-4.032216e-01
3.029336608831316e-03	-3.959609e-01
3.030120000571530e-03	-3.946158e-01
3.031686784051957e-03	-3.919670e-01
3.034820351012813e-03	-3.861884e-01
3.034832591508753e-03	-3.861661e-01
3.034857072500635e-03	-3.861217e-01
3.034906034484398e-03	-3.860271e-01
3.035003958451925e-03	-3.858218e-01
3.035165584635542e-03	-3.854569e-01
3.035344478444079e-03	-3.850267e-01
3.035631333393129e-03	-3.843060e-01
3.035947797612122e-03	-3.834921e-01
3.036302165774107e-03	-3.825713e-01
3.036851315501827e-03	-3.811431e-01
3.037673394922787e-03	-3.790135e-01
3.038983300718111e-03	-3.756487e-01
3.041157506128197e-03	-3.701521e-01
3.045505916948368e-03	-3.594593e-01
3.052636339936998e-03	-3.426717e-01
3.062401964936998e-03	-3.207420e-01
3.066188482430109e-03	-3.126313e-01
3.070227047611650e-03	-3.043260e-01
3.073722279774115e-03	-2.973427e-01
3.077462926864048e-03	-2.901030e-01
3.082746620132638e-03	-2.802200e-01
3.087957844511871e-03	-2.708688e-01
3.095228682505239e-03	-2.584711e-01
3.103750983422317e-03	-2.447866e-01
3.113516608422317e-03	-2.301633e-01
3.123282233422316e-03	-2.166062e-01
3.142813483422316e-03	-1.925255e-01
3.162344733422316e-03	-1.720635e-01
3.172110358422315e-03	-1.630443e-01
3.181875983422315e-03	-1.547629e-01
3.191641608422315e-03	-1.471705e-01
3.201407233422315e-03	-1.402218e-01
3.211172858422315e-03	-1.338739e-01
3.220938483422314e-03	-1.280869e-01
3.230704108422314e-03	-1.228233e-01
3.240469733422314e-03	-1.180478e-01
3.250235358422314e-03	-1.137275e-01
3.260000983422314e-03	-1.098316e-01
3.269766608422313e-03	-1.063311e-01
3.279532233422313e-03	-1.031988e-01
3.289297858422313e-03	-1.004094e-01
3.300284186547313e-03	-9.758211e-02
3.302725592797313e-03	-9.702906e-02
3.307608405297313e-03	-9.595104e-02
3.307940368745258e-03	-9.587815e-02
3.308604295641147e-03	-9.573070e-02
3.308655869137928e-03	-9.571866e-02
3.308759016131491e-03	-9.569219e-02
3.308907839437572e-03	-9.564713e-02
3.309013903033765e-03	-9.559989e-02
3.309112111665401e-03	-9.552709e-02
3.309207612312866e-03	-9.542616e-02
3.309281717654911e-03	-9.533907e-02
3.309359025074938e-03	-9.525520e-02
3.309444968995749e-03	-9.517609e-02
3.309616856837372e-03	-9.504468e-02
3.309960632520618e-03	-9.482169e-02
3.310648183887110e-03	-9.441091e-02
3.312023286620093e-03	-9.357364e-02
3.314773492086060e-03	-9.175947e-02
3.320273903017994e-03	-8.765463e-02
3.328854608036720e-03	-7.992567e-02
3.338620233036720e-03	-6.771779e-02
3.348385858036720e-03	-4.452942e-02
3.358151483036719e-03	8.208888e-03
3.366529511101854e-03	9.976763e-02
3.375458273416414e-03	2.467620e-01
3.382530460125300e-03	3.739366e-01
3.386834987449678e-03	4.227079e-01
3.392993300765572e-03	4.361216e-01
3.397417068182835e-03	4.298736e-01
3.402293004390420e-03	4.209949e-01
3.410504510108003e-03	4.057210e-01
3.411725213233003e-03	4.034564e-01
3.414167811575899e-03	3.990394e-01
3.414170195761690e-03	3.990344e-01
3.414203574362764e-03	3.989639e-01
3.414241721335420e-03	3.988829e-01
3.414318015280733e-03	3.987196e-01
3.414470603171358e-03	3.983892e-01
3.414775778952608e-03	3.977189e-01
3.415147016493440e-03	3.968907e-01
3.415636043468872e-03	3.957852e-01
3.416217163492984e-03	3.944623e-01
3.416910822737429e-03	3.928822e-01
3.417972309113549e-03	3.904759e-01
3.419574145517662e-03	3.868809e-01
3.422242751779913e-03	3.810041e-01
3.427579964304415e-03	3.696505e-01
3.437345589304415e-03	3.498822e-01
3.447111214304415e-03	3.313212e-01
3.456876839304414e-03	3.140500e-01
3.466642464304414e-03	2.979870e-01
3.476408089304414e-03	2.830555e-01
3.486173714304414e-03	2.691835e-01
3.495939339304414e-03	2.563037e-01
3.505704964304413e-03	2.443526e-01
3.515470589304413e-03	2.332710e-01
3.525236214304413e-03	2.230030e-01
3.535001839304413e-03	2.134964e-01
3.544767464304413e-03	2.047023e-01
3.554533089304412e-03	1.965745e-01
3.564298714304412e-03	1.890699e-01
3.574064339304412e-03	1.821482e-01
3.583829964304412e-03	1.757713e-01
3.593595589304411e-03	1.699036e-01
3.603361214304411e-03	1.645118e-01
3.613126839304411e-03	1.595647e-01
3.622892464304411e-03	1.550327e-01
3.632658089304411e-03	1.508885e-01
3.642423714304410e-03	1.471062e-01
3.652189339304410e-03	1.436617e-01
3.661954964304410e-03	1.405323e-01
3.671720589304410e-03	1.376967e-01
3.681486214304410e-03	1.351351e-01
3.691251839304409e-03	1.328287e-01
3.701017464304409e-03	1.307601e-01
3.710783089304409e-03	1.289129e-01
3.720548714304409e-03	1.272718e-01
3.730314339304409e-03	1.258223e-01
3.740079964304408e-03	1.245510e-01
3.749845589304408e-03	1.234453e-01
3.759611214304408e-03	1.224934e-01
3.769376839304408e-03	1.216841e-01
3.779142464304408e-03	1.210072e-01
3.788908089304407e-03	1.204530e-01
3.798673714304407e-03	1.200123e-01
3.808439339304407e-03	1.196768e-01
3.818204964304407e-03	1.194383e-01
3.827970589304406e-03	1.192895e-01
3.837736214304406e-03	1.192235e-01
3.847501839304406e-03	1.192338e-01
3.857267464304406e-03	1.193142e-01
3.867033089304406e-03	1.194591e-01
3.876798714304405e-03	1.196631e-01
3.886564339304405e-03	1.199214e-01
3.896329964304405e-03	1.202292e-01
3.906095589304405e-03	1.205823e-01
3.915861214304405e-03	1.209766e-01
3.925626839304404e-03	1.214083e-01
3.935392464304404e-03	1.218739e-01
3.945158089304404e-03	1.223701e-01
3.954923714304404e-03	1.228937e-01
3.964708412790732e-03	1.234372e-01
3.965890968943076e-03	1.235047e-01
3.967111672068075e-03	1.235738e-01
3.967997663515203e-03	1.236222e-01
3.968709627280004e-03	1.236560e-01
3.969089730006591e-03	1.236572e-01
3.969304859830184e-03	1.236125e-01
3.969425885572218e-03	1.235308e-01
3.969487884799041e-03	1.234605e-01
3.969561570457029e-03	1.233676e-01
3.969654208248086e-03	1.232586e-01
3.969752583667165e-03	1.231537e-01
3.969949334505324e-03	1.229688e-01
3.970342836181641e-03	1.226464e-01
3.971129839534276e-03	1.220515e-01
3.972703846239546e-03	1.207645e-01
3.975851859650084e-03	1.172813e-01
3.982147886471163e-03	1.030173e-01
3.991913511471163e-03	5.188601e-02
3.998184021756297e-03	-2.749983e-02
4.006094180714312e-03	-2.010370e-01
4.012488407463342e-03	-3.602863e-01
4.015538486347869e-03	-4.033278e-01
4.019763977159860e-03	-4.090717e-01
4.022374461539866e-03	-4.051625e-01
4.025975807500770e-03	-3.993253e-01
4.033178499422577e-03	-3.866932e-01
4.033330949043010e-03	-3.863782e-01
4.033635848283876e-03	-3.856491e-01
4.034245646765608e-03	-3.841735e-01
4.034411333358363e-03	-3.837568e-01
4.034716365755405e-03	-3.829678e-01
4.035092717631064e-03	-3.819927e-01
4.035769988996196e-03	-3.802403e-01
4.036680804747870e-03	-3.778963e-01
4.038257928086413e-03	-3.738794e-01
4.040849278092117e-03	-3.674031e-01
4.046031978103525e-03	-3.548533e-01
4.053714860897325e-03	-3.370329e-01
4.061303627898707e-03	-3.202126e-01
4.064813225539174e-03	-3.127612e-01
4.068506724405120e-03	-3.051782e-01
4.071148389136665e-03	-2.998895e-01
4.074430189031934e-03	-2.935037e-01
4.079686391960314e-03	-2.835910e-01
4.084782993590882e-03	-2.743803e-01
4.093356913542757e-03	-2.597222e-01
4.103122538542757e-03	-2.440735e-01
4.112888163542757e-03	-2.295556e-01
4.132419413542756e-03	-2.037325e-01
4.142185038542756e-03	-1.922902e-01
4.161716288542756e-03	-1.720327e-01
4.171481913542756e-03	-1.631043e-01
4.181247538542755e-03	-1.549067e-01
4.191013163542755e-03	-1.473916e-01
4.200778788542755e-03	-1.405140e-01
4.210544413542755e-03	-1.342316e-01
4.220310038542755e-03	-1.285046e-01
4.230075663542754e-03	-1.232961e-01
4.239841288542754e-03	-1.185710e-01
4.249606913542754e-03	-1.142968e-01
4.259372538542754e-03	-1.104428e-01
4.269138163542754e-03	-1.069805e-01
4.278903788542753e-03	-1.038829e-01
4.288669413542753e-03	-1.011248e-01
4.298435038542753e-03	-9.868231e-02
4.308353251433378e-03	-9.643340e-02
4.308658427214627e-03	-9.637098e-02
4.309268778777128e-03	-9.624631e-02
4.310489481902127e-03	-9.599145e-02
4.311184259897617e-03	-9.578955e-02
4.311552847881680e-03	-9.557055e-02
4.311847369928339e-03	-9.530868e-02
4.312042057503015e-03	-9.514573e-02
4.312174461202031e-03	-9.505820e-02
4.312314668160800e-03	-9.497336e-02
4.312444533374790e-03	-9.489662e-02
4.312630103188303e-03	-9.478971e-02
4.312976459937326e-03	-9.458984e-02
4.313669173435371e-03	-9.418173e-02
4.315054600431462e-03	-9.332680e-02
4.317825454423645e-03	-9.147674e-02
4.323367162408010e-03	-8.725896e-02
4.333132787408009e-03	-7.812672e-02
4.342898412408009e-03	-6.480318e-02
4.352664037408009e-03	-3.740981e-02
4.362429662408009e-03	2.504242e-02
4.370885254582666e-03	1.278281e-01
4.379745491336425e-03	2.797284e-01
4.385841422178341e-03	3.860515e-01
4.389920981935263e-03	4.271866e-01
4.395500068542375e-03	4.352363e-01
4.399331752064882e-03	4.294173e-01
4.404240905000077e-03	4.205511e-01
4.414006530000077e-03	4.024287e-01
4.415227233125076e-03	4.001370e-01
4.417668639375077e-03	3.955581e-01
4.417744933320389e-03	3.954065e-01
4.417897521211014e-03	3.950862e-01
4.418202696992264e-03	3.944278e-01
4.418770548103198e-03	3.931713e-01
4.419349989812401e-03	3.918681e-01
4.419957576232815e-03	3.904923e-01
4.420741079388103e-03	3.887209e-01
4.421988408219122e-03	3.859192e-01
4.423861368118560e-03	3.817629e-01
4.426980003486096e-03	3.749864e-01
4.432514220801005e-03	3.633908e-01
4.442279845801005e-03	3.439457e-01
4.452045470801005e-03	3.256982e-01
4.461811095801005e-03	3.087220e-01
4.471576720801004e-03	2.929367e-01
4.481342345801004e-03	2.782665e-01
4.491107970801004e-03	2.646407e-01
4.500873595801004e-03	2.519926e-01
4.510639220801004e-03	2.402598e-01
4.520404845801003e-03	2.293838e-01
4.530170470801003e-03	2.193094e-01
4.539936095801003e-03	2.099854e-01
4.549701720801003e-03	2.013631e-01
4.559467345801003e-03	1.933974e-01
4.569232970801002e-03	1.860456e-01
4.578998595801002e-03	1.792679e-01
4.588764220801002e-03	1.730268e-01
4.598529845801002e-03	1.672873e-01
4.608295470801002e-03	1.620163e-01
4.618061095801001e-03	1.571831e-01
4.627826720801001e-03	1.527588e-01
4.637592345801001e-03	1.487161e-01
4.647357970801001e-03	1.450297e-01
4.657123595801001e-03	1.416758e-01
4.666889220801000e-03	1.386319e-01
4.676654845801000e-03	1.358771e-01
4.686420470801000e-03	1.333918e-01
4.696186095801000e-03	1.311576e-01
4.705951720801000e-03	1.291572e-01
4.715717345800999e-03	1.273746e-01
4.725482970800999e-03	1.257945e-01
4.735248595800999e-03	1.244028e-01
4.745014220800999e-03	1.231862e-01
4.754779845800998e-03	1.221323e-01
4.764545470800998e-03	1.212295e-01
4.774311095800998e-03	1.204667e-01
4.784076720800998e-03	1.198339e-01
4.793842345800998e-03	1.193215e-01
4.803607970800997e-03	1.189204e-01
4.813373595800997e-03	1.186225e-01
4.823139220800997e-03	1.184197e-01
4.832904845800997e-03	1.183048e-01
4.842670470800997e-03	1.182710e-01
4.852436095800996e-03	1.183119e-01
4.862201720800996e-03	1.184214e-01
4.871967345800996e-03	1.185940e-01
4.881732970800996e-03	1.188243e-01
4.891498595800996e-03	1.191077e-01
4.901264220800995e-03	1.194394e-01
4.911029845800995e-03	1.198152e-01
4.920795470800995e-03	1.202312e-01
4.930561095800995e-03	1.206836e-01
4.940326720800995e-03	1.211689e-01
4.950092345800994e-03	1.216839e-01
4.959857970800994e-03	1.222212e-01
4.965217471329283e-03	1.225223e-01
4.965286142239456e-03	1.225262e-01
4.965423484059801e-03	1.225337e-01
4.965698167700492e-03	1.225479e-01
4.966247534981873e-03	1.225706e-01
4.966550830545141e-03	1.225690e-01
4.966718264095087e-03	1.225360e-01
4.966821901714069e-03	1.224743e-01
4.966884810701229e-03	1.224112e-01
4.966958271432192e-03	1.223260e-01
4.967023229393974e-03	1.222534e-01
4.967105670526688e-03	1.221688e-01
4.967270552792118e-03	1.220182e-01
4.967600317322978e-03	1.217576e-01
4.968259846384697e-03	1.212936e-01
4.969578904508136e-03	1.203439e-01
4.972217020755013e-03	1.179516e-01
4.977493253248768e-03	1.093816e-01
4.987258878248768e-03	7.380535e-02
4.994252689607925e-03	1.033220e-02
5.000823385059205e-03	-1.066484e-01
5.007119808652521e-03	-2.672293e-01
5.010629995487527e-03	-3.608197e-01
5.013165446730146e-03	-4.010689e-01
5.016702432614479e-03	-4.116562e-01
5.019066987510267e-03	-4.087213e-01
5.022261442377476e-03	-4.035930e-01
5.028650352111893e-03	-3.927585e-01
5.029837091394099e-03	-3.906537e-01
5.032210569958510e-03	-3.863622e-01
5.032284741163648e-03	-3.862158e-01
5.032433083573923e-03	-3.858907e-01
5.032729768394474e-03	-3.851974e-01
5.033016224366026e-03	-3.844921e-01
5.033274269363111e-03	-3.838356e-01
5.033581724168505e-03	-3.830431e-01
5.034061243521242e-03	-3.818032e-01
5.034750405470588e-03	-3.800250e-01
5.035823341042210e-03	-3.772748e-01
5.037601870479011e-03	-3.727708e-01
5.040719381690984e-03	-3.650521e-01
5.046954404114932e-03	-3.501604e-01
5.055226703195988e-03	-3.312542e-01
5.061082006767922e-03	-3.184602e-01
5.064344482777641e-03	-3.116104e-01
5.067756268864037e-03	-3.046507e-01
5.070226471748675e-03	-2.997283e-01
5.073297073681515e-03	-2.937758e-01
5.078749148588493e-03	-2.835294e-01
5.083908497846889e-03	-2.742530e-01
5.093332906285566e-03	-2.582580e-01
5.103098531285565e-03	-2.427513e-01
5.112864156285565e-03	-2.283917e-01
5.132395406285565e-03	-2.028527e-01
5.142161031285565e-03	-1.915376e-01
5.161692281285564e-03	-1.715077e-01
5.171457906285564e-03	-1.626809e-01
5.181223531285564e-03	-1.545774e-01
5.190989156285564e-03	-1.471495e-01
5.200754781285563e-03	-1.403525e-01
5.210520406285563e-03	-1.341446e-01
5.220286031285563e-03	-1.284865e-01
5.230051656285563e-03	-1.233413e-01
5.239817281285562e-03	-1.186747e-01
5.249582906285562e-03	-1.144543e-01
5.259348531285562e-03	-1.106498e-01
5.269114156285562e-03	-1.072328e-01
5.278879781285562e-03	-1.041767e-01
5.288645406285561e-03	-1.014566e-01
5.298411031285561e-03	-9.904903e-02
5.308176656285561e-03	-9.687404e-02
5.309397359410561e-03	-9.662287e-02
5.311838765660561e-03	-9.614260e-02
5.312231527711339e-03	-9.606435e-02
5.313017051812893e-03	-9.590365e-02
5.313067229785746e-03	-9.589255e-02
5.313167585731452e-03	-9.586725e-02
5.313274154217632e-03	-9.583374e-02
5.313363077399274e-03	-9.578980e-02
5.313454760136740e-03	-9.571549e-02
5.313527586266677e-03	-9.563384e-02
5.313606976090993e-03	-9.553686e-02
5.313686058246124e-03	-9.544914e-02
5.313770554517958e-03	-9.537004e-02
5.313928300030875e-03	-9.524806e-02
5.314243791056709e-03	-9.504317e-02
5.314874773108377e-03	-9.467110e-02
5.316136737211712e-03	-9.391992e-02
5.318660665418382e-03	-9.229790e-02
5.323708521831723e-03	-8.864095e-02
5.331809788449849e-03	-8.160748e-02
5.341575413449848e-03	-7.008630e-02
5.351341038449848e-03	-4.918734e-02
5.361106663449848e-03	-1.855440e-03
5.369690807763659e-03	8.492293e-02
5.378801839490343e-03	2.282052e-01
5.386631528688586e-03	3.662570e-01
5.391220992975804e-03	4.199302e-01
5.396721195879826e-03	4.346437e-01
5.401186829118511e-03	4.286255e-01
5.406041533769734e-03	4.197626e-01
5.413526974333815e-03	4.057884e-01
5.414747677458815e-03	4.035173e-01
5.417189083708815e-03	3.990884e-01
5.417799435271316e-03	3.979275e-01
5.419020138396315e-03	3.955682e-01
5.419325314177565e-03	3.949830e-01
5.419935665740065e-03	3.938101e-01
5.420734419144453e-03	3.922475e-01
5.421229123624846e-03	3.912403e-01
5.421762996867351e-03	3.901015e-01
5.422148857830021e-03	3.892521e-01
5.422665726866304e-03	3.880964e-01
5.423243274536714e-03	3.867998e-01
5.424133710243462e-03	3.848044e-01
5.425386438968352e-03	3.820166e-01
5.427349833036757e-03	3.777028e-01
5.430614055912835e-03	3.706960e-01
5.437142501664989e-03	3.572144e-01
5.446908126664989e-03	3.380914e-01
5.456673751664988e-03	3.201834e-01
5.466439376664988e-03	3.035263e-01
5.476205001664988e-03	2.880410e-01
5.485970626664988e-03	2.736528e-01
5.495736251664988e-03	2.602921e-01
5.505501876664987e-03	2.478932e-01
5.515267501664987e-03	2.363947e-01
5.525033126664987e-03	2.257390e-01
5.534798751664987e-03	2.158718e-01
5.544564376664987e-03	2.067426e-01
5.554330001664986e-03	1.983035e-01
5.564095626664986e-03	1.905101e-01
5.573861251664986e-03	1.833203e-01
5.583626876664986e-03	1.766950e-01
5.593392501664986e-03	1.705973e-01
5.603158126664985e-03	1.649926e-01
5.612923751664985e-03	1.598486e-01
5.622689376664985e-03	1.551348e-01
5.632455001664985e-03	1.508228e-01
5.642220626664985e-03	1.468859e-01
5.651986251664984e-03	1.432990e-01
5.661751876664984e-03	1.400387e-01
5.671517501664984e-03	1.370829e-01
5.681283126664984e-03	1.344112e-01
5.691048751664983e-03	1.320041e-01
5.700814376664983e-03	1.298435e-01
5.710580001664983e-03	1.279125e-01
5.720345626664983e-03	1.261951e-01
5.730111251664983e-03	1.246766e-01
5.739876876664982e-03	1.233429e-01
5.749642501664982e-03	1.221809e-01
5.759408126664982e-03	1.211785e-01
5.769173751664982e-03	1.203242e-01
5.778939376664982e-03	1.196072e-01
5.788705001664981e-03	1.190175e-01
5.798470626664981e-03	1.185457e-01
5.808236251664981e-03	1.181831e-01
5.818001876664981e-03	1.179213e-01
5.827767501664981e-03	1.177528e-01
5.837533126664980e-03	1.176702e-01
5.847298751664980e-03	1.176668e-01
5.857064376664980e-03	1.177364e-01
5.866830001664980e-03	1.178731e-01
5.876595626664980e-03	1.180713e-01
5.886361251664979e-03	1.183259e-01
5.896126876664979e-03	1.186322e-01
5.905892501664979e-03	1.189855e-01
5.915658126664979e-03	1.193819e-01
5.925423751664978e-03	1.198172e-01
5.935189376664978e-03	1.202879e-01
5.944955001664978e-03	1.207906e-01
5.954720626664978e-03	1.213185e-01
5.959439428692061e-03	1.215817e-01
5.960619129198833e-03	1.216482e-01
5.962978530212375e-03	1.217760e-01
5.964000609741558e-03	1.217432e-01
5.964608921673943e-03	1.215221e-01
5.965052958717471e-03	1.211969e-01
5.965350049841018e-03	1.209658e-01
5.965541116301211e-03	1.208384e-01
5.965696029952863e-03	1.207405e-01
5.965856812627279e-03	1.206411e-01
5.966228534479846e-03	1.204153e-01
5.966530927347573e-03	1.202295e-01
5.967003813637939e-03	1.199285e-01
5.967874120025613e-03	1.193292e-01
5.969614732800963e-03	1.179226e-01
5.973095958351662e-03	1.139878e-01
5.980058409453060e-03	9.735207e-02
5.989824034453060e-03	4.207354e-02
5.996300719727332e-03	-4.353974e-02
6.004024767640921e-03	-2.157488e-01
6.009343418830877e-03	-3.527668e-01
6.012214491600712e-03	-3.988419e-01
6.016495455351713e-03	-4.108408e-01
6.019325340532453e-03	-4.070279e-01
6.022709519466483e-03	-4.013787e-01
6.029477877334545e-03	-3.896081e-01
6.030698580459544e-03	-3.874564e-01
6.030897363771802e-03	-3.870973e-01
6.031294930396317e-03	-3.863194e-01
6.031536048603219e-03	-3.858000e-01
6.031801879719567e-03	-3.851712e-01
6.032053421248797e-03	-3.845448e-01
6.032298028200871e-03	-3.839199e-01
6.032667498979808e-03	-3.829671e-01
6.033191994518732e-03	-3.816127e-01
6.033980242904676e-03	-3.795840e-01
6.035211888538875e-03	-3.764395e-01
6.037322804575529e-03	-3.711320e-01
6.041544636648836e-03	-3.608004e-01
6.048599302689043e-03	-3.442617e-01
6.058364927689043e-03	-3.224450e-01
6.062892263195432e-03	-3.127967e-01
6.066237906708003e-03	-3.059412e-01
6.068918434166604e-03	-3.005899e-01
6.071953569164877e-03	-2.946811e-01
6.075999841927688e-03	-2.870264e-01
6.081191823403066e-03	-2.775571e-01
6.087953534130766e-03	-2.658199e-01
6.097640309289534e-03	-2.500008e-01
6.117171559289533e-03	-2.213962e-01
6.136702809289533e-03	-1.969662e-01
6.146468434289533e-03	-1.861513e-01
6.165999684289532e-03	-1.670242e-01
6.175765309289532e-03	-1.586041e-01
6.185530934289532e-03	-1.508799e-01
6.195296559289532e-03	-1.438057e-01
6.205062184289531e-03	-1.373383e-01
6.214827809289531e-03	-1.314376e-01
6.224593434289531e-03	-1.260655e-01
6.234359059289531e-03	-1.211867e-01
6.244124684289531e-03	-1.167679e-01
6.253890309289530e-03	-1.127779e-01
6.263655934289530e-03	-1.091876e-01
6.273421559289530e-03	-1.059696e-01
6.283187184289530e-03	-1.030983e-01
6.292952809289530e-03	-1.005497e-01
6.302718434289529e-03	-9.830058e-02
6.312484059289529e-03	-9.626563e-02
6.312636647180154e-03	-9.623598e-02
6.312941822961404e-03	-9.617873e-02
6.313552174523904e-03	-9.606370e-02
6.314378125395984e-03	-9.590084e-02
6.314923267614816e-03	-9.578247e-02
6.314944668639440e-03	-9.577684e-02
6.314987470688689e-03	-9.576225e-02
6.315063315308927e-03	-9.572490e-02
6.315142706968820e-03	-9.566309e-02
6.315217166922840e-03	-9.558187e-02
6.315286923028110e-03	-9.549671e-02
6.315357785739815e-03	-9.541597e-02
6.315443862196162e-03	-9.533193e-02
6.315574620770956e-03	-9.522586e-02
6.315836137920545e-03	-9.504987e-02
6.316359172219723e-03	-9.473858e-02
6.317405240818078e-03	-9.412576e-02
6.319497378014788e-03	-9.281915e-02
6.323681652408208e-03	-8.989795e-02
6.331199243601745e-03	-8.369469e-02
6.340964868601744e-03	-7.311303e-02
6.350730493601744e-03	-5.532365e-02
6.360496118601744e-03	-1.414509e-02
6.370261743601744e-03	7.538308e-02
6.379329185397726e-03	2.110846e-01
6.388014265148898e-03	3.623182e-01
6.392770491325179e-03	4.184163e-01
6.398218651076315e-03	4.337319e-01
6.402768021916805e-03	4.276662e-01
6.407674255856378e-03	4.186864e-01
6.415054354911941e-03	4.048586e-01
6.416275058036941e-03	4.025834e-01
6.418716464286941e-03	3.981096e-01
6.423599276786941e-03	3.887425e-01
6.423634493411478e-03	3.886757e-01
6.423704926660552e-03	3.885430e-01
6.423845793158700e-03	3.882686e-01
6.424094439776518e-03	3.877676e-01
6.424353964729961e-03	3.872271e-01
6.424773254518011e-03	3.863284e-01
6.425181872290751e-03	3.854342e-01
6.425729584444936e-03	3.842207e-01
6.426344702635012e-03	3.828531e-01
6.427263128964320e-03	3.808161e-01
6.428580131824149e-03	3.779170e-01
6.430645784005096e-03	3.734306e-01
6.434048723627433e-03	3.662107e-01
6.440288027635336e-03	3.534753e-01
6.450053652635336e-03	3.345704e-01
6.459819277635336e-03	3.168586e-01
6.469584902635336e-03	3.003863e-01
6.479350527635336e-03	2.850749e-01
6.489116152635335e-03	2.708504e-01
6.498881777635335e-03	2.576438e-01
6.508647402635335e-03	2.453900e-01
6.518413027635335e-03	2.340281e-01
6.528178652635335e-03	2.235010e-01
6.537944277635334e-03	2.137551e-01
6.547709902635334e-03	2.047399e-01
6.557475527635334e-03	1.964084e-01
6.567241152635334e-03	1.887163e-01
6.577006777635334e-03	1.816220e-01
6.586772402635333e-03	1.750867e-01
6.596538027635333e-03	1.690738e-01
6.606303652635333e-03	1.635490e-01
6.616069277635333e-03	1.584804e-01
6.625834902635333e-03	1.538377e-01
6.635600527635332e-03	1.495928e-01
6.645366152635332e-03	1.457191e-01
6.655131777635332e-03	1.421919e-01
6.664897402635332e-03	1.389880e-01
6.674663027635331e-03	1.360854e-01
6.684428652635331e-03	1.334639e-01
6.694194277635331e-03	1.311042e-01
6.703959902635331e-03	1.289884e-01
6.713725527635331e-03	1.270997e-01
6.723491152635330e-03	1.254223e-01
6.733256777635330e-03	1.239416e-01
6.743022402635330e-03	1.226436e-01
6.752788027635330e-03	1.215155e-01
6.762553652635330e-03	1.205450e-01
6.772319277635329e-03	1.197210e-01
6.782084902635329e-03	1.190326e-01
6.791850527635329e-03	1.184701e-01
6.801616152635329e-03	1.180240e-01
6.811381777635329e-03	1.176857e-01
6.821147402635328e-03	1.174470e-01
6.830913027635328e-03	1.173002e-01
6.840678652635328e-03	1.172384e-01
6.850444277635328e-03	1.172547e-01
6.860209902635328e-03	1.173429e-01
6.869975527635327e-03	1.174973e-01
6.879741152635327e-03	1.177124e-01
6.889506777635327e-03	1.179830e-01
6.899272402635327e-03	1.183044e-01
6.909038027635326e-03	1.186722e-01
6.918803652635326e-03	1.190823e-01
6.928569277635326e-03	1.195307e-01
6.938334902635326e-03	1.200139e-01
6.948100527635326e-03	1.205280e-01
6.957866152635325e-03	1.210634e-01
6.958934267869700e-03	1.211236e-01
6.960154970994700e-03	1.211914e-01
6.961036927785429e-03	1.212365e-01
6.961746787222496e-03	1.212500e-01
6.962091131181067e-03	1.211898e-01
6.962292886673971e-03	1.210703e-01
6.962378801993966e-03	1.209899e-01
6.962453166609288e-03	1.209180e-01
6.962534186345799e-03	1.208472e-01
6.962644827083058e-03	1.207593e-01
6.962866108557575e-03	1.206040e-01
6.963308671506610e-03	1.203310e-01
6.964193797404678e-03	1.198141e-01
6.965964049200816e-03	1.186617e-01
6.969504552793092e-03	1.154706e-01
6.976585559977644e-03	1.029915e-01
6.986351184977643e-03	6.220361e-02
6.993140603305462e-03	-7.896596e-03
7.000091123454515e-03	-1.418365e-01
7.006484209736709e-03	-3.068203e-01
7.009773808799649e-03	-3.821839e-01
7.012550684453310e-03	-4.102898e-01
7.015768046518923e-03	-4.112360e-01
7.018949511446098e-03	-4.063581e-01
7.022263445104258e-03	-4.010870e-01
7.028891312420578e-03	-3.895991e-01
7.029978709907118e-03	-3.875549e-01
7.030042841493511e-03	-3.874236e-01
7.030171104666296e-03	-3.871601e-01
7.030387815932566e-03	-3.867047e-01
7.030623411478111e-03	-3.861836e-01
7.030841804400960e-03	-3.856684e-01
7.031083540248567e-03	-3.850695e-01
7.031313297295358e-03	-3.844850e-01
7.031663681047751e-03	-3.835829e-01
7.032141217948347e-03	-3.823498e-01
7.032860432063844e-03	-3.804969e-01
7.033968480110928e-03	-3.776622e-01
7.035837433133007e-03	-3.729410e-01
7.039091168423248e-03	-3.649128e-01
7.045598639003731e-03	-3.494458e-01
7.054135858817146e-03	-3.300894e-01
7.061023218306369e-03	-3.152098e-01
7.064462484020601e-03	-3.080931e-01
7.068059877786828e-03	-3.008837e-01
7.070757416104845e-03	-2.956104e-01
7.073968157837522e-03	-2.895084e-01
7.079172126140705e-03	-2.799207e-01
7.084201139369701e-03	-2.710360e-01
7.092580356748143e-03	-2.570243e-01
7.102345981748142e-03	-2.417115e-01
7.112111606748142e-03	-2.275006e-01
7.131642856748142e-03	-2.022277e-01
7.141408481748142e-03	-1.910312e-01
7.160939731748141e-03	-1.712126e-01
7.170705356748141e-03	-1.624797e-01
7.180470981748141e-03	-1.544628e-01
7.190236606748140e-03	-1.471148e-01
7.200002231748140e-03	-1.403915e-01
7.209767856748140e-03	-1.342513e-01
7.219533481748140e-03	-1.286554e-01
7.229299106748140e-03	-1.235673e-01
7.239064731748139e-03	-1.189530e-01
7.248830356748139e-03	-1.147804e-01
7.258595981748139e-03	-1.110195e-01
7.268361606748139e-03	-1.076422e-01
7.278127231748139e-03	-1.046221e-01
7.287892856748138e-03	-1.019347e-01
7.297658481748138e-03	-9.955671e-02
7.308644809873138e-03	-9.716187e-02
7.311086216123138e-03	-9.669522e-02
7.314429162371253e-03	-9.607037e-02
7.314790561965644e-03	-9.600475e-02
7.315203590073519e-03	-9.592914e-02
7.316029646289269e-03	-9.576880e-02
7.316500635669625e-03	-9.566504e-02
7.316517808452763e-03	-9.566025e-02
7.316552154019040e-03	-9.564742e-02
7.316620845151595e-03	-9.561018e-02
7.316691926811645e-03	-9.555118e-02
7.316750546198285e-03	-9.548473e-02
7.316820043582663e-03	-9.539741e-02
7.316891609730953e-03	-9.531360e-02
7.316976926237226e-03	-9.522752e-02
7.317091510008540e-03	-9.513115e-02
7.317320677551169e-03	-9.497187e-02
7.317779012636427e-03	-9.469470e-02
7.318695682806943e-03	-9.415996e-02
7.320529023147974e-03	-9.303233e-02
7.324195703830037e-03	-9.052253e-02
7.331452664000998e-03	-8.469114e-02
7.341040181612713e-03	-7.473295e-02
7.350805806612713e-03	-5.833676e-02
7.360571431612712e-03	-2.122876e-02
7.370337056612712e-03	6.174752e-02
7.379835835445863e-03	1.982645e-01
7.389601460445863e-03	3.644775e-01
7.394457261121244e-03	4.189580e-01
7.400284463415536e-03	4.322739e-01
7.404844435443851e-03	4.256494e-01
7.409871833270790e-03	4.163671e-01
7.418190972872507e-03	4.007076e-01
7.419411675997507e-03	3.984209e-01
7.421853082247507e-03	3.939031e-01
7.426735894747507e-03	3.844996e-01
7.426820997614808e-03	3.843344e-01
7.426991203349410e-03	3.839954e-01
7.427331614818615e-03	3.832851e-01
7.427880706086315e-03	3.821003e-01
7.428451304340290e-03	3.808488e-01
7.429254698811202e-03	3.790791e-01
7.430169612460285e-03	3.770704e-01
7.431569914428325e-03	3.740213e-01
7.433736692209191e-03	3.693701e-01
7.437360361648783e-03	3.617825e-01
7.443996555955617e-03	3.484329e-01
7.453762180955617e-03	3.298246e-01
7.463527805955617e-03	3.124065e-01
7.473293430955616e-03	2.962101e-01
7.483059055955616e-03	2.811576e-01
7.492824680955616e-03	2.671763e-01
7.502590305955616e-03	2.541980e-01
7.512355930955616e-03	2.421587e-01
7.522121555955615e-03	2.309982e-01
7.531887180955615e-03	2.206602e-01
7.541652805955615e-03	2.110918e-01
7.551418430955615e-03	2.022434e-01
7.561184055955615e-03	1.940685e-01
7.570949680955614e-03	1.865233e-01
7.580715305955614e-03	1.795672e-01
7.590480930955614e-03	1.731615e-01
7.600246555955614e-03	1.672703e-01
7.610012180955614e-03	1.618599e-01
7.619777805955613e-03	1.568986e-01
7.629543430955613e-03	1.523567e-01
7.639309055955613e-03	1.482064e-01
7.649074680955613e-03	1.444217e-01
7.658840305955612e-03	1.409779e-01
7.668605930955612e-03	1.378523e-01
7.678371555955612e-03	1.350234e-01
7.688137180955612e-03	1.324710e-01
7.697902805955612e-03	1.301761e-01
7.707668430955611e-03	1.281213e-01
7.717434055955611e-03	1.262898e-01
7.727199680955611e-03	1.246662e-01
7.736965305955611e-03	1.232359e-01
7.746730930955611e-03	1.219853e-01
7.756496555955610e-03	1.209016e-01
7.766262180955610e-03	1.199730e-01
7.776027805955610e-03	1.191881e-01
7.785793430955610e-03	1.185366e-01
7.795559055955610e-03	1.180086e-01
7.805324680955609e-03	1.175950e-01
7.815090305955610e-03	1.172872e-01
7.824855930955610e-03	1.170771e-01
7.834621555955610e-03	1.169573e-01
7.844387180955609e-03	1.169206e-01
7.854152805955609e-03	1.169607e-01
7.863918430955609e-03	1.170712e-01
7.873684055955609e-03	1.172465e-01
7.883449680955609e-03	1.174811e-01
7.893215305955608e-03	1.177702e-01
7.902980930955608e-03	1.181089e-01
7.912746555955608e-03	1.184930e-01
7.922512180955608e-03	1.189183e-01
7.932277805955608e-03	1.193810e-01
7.942043430955607e-03	1.198775e-01
7.951809055955607e-03	1.203984e-01
7.953029759080608e-03	1.204656e-01
7.955471165330607e-03	1.206020e-01
7.957256433637528e-03	1.207018e-01
7.957702750714259e-03	1.207264e-01
7.958595384867720e-03	1.207739e-01
7.959240924236860e-03	1.208010e-01
7.959762965297669e-03	1.208113e-01
7.959799781341851e-03	1.208099e-01
7.959873413430215e-03	1.207994e-01
7.959949829170547e-03	1.207739e-01
7.960020919280889e-03	1.207302e-01
7.960070796271215e-03	1.206874e-01
7.960133485004106e-03	1.206270e-01
7.960204779884175e-03	1.205600e-01
7.960291641525284e-03	1.204845e-01
7.960427208223011e-03	1.203802e-01
7.960698341618465e-03	1.202021e-01
7.961240608409371e-03	1.198965e-01
7.962325141991184e-03	1.193112e-01
7.964494209154811e-03	1.179480e-01
7.968832343482064e-03	1.138486e-01
7.977508612136570e-03	9.603707e-02
7.987274237136570e-03	4.634102e-02
7.993775565173092e-03	-3.457982e-02
8.001907159696082e-03	-2.085789e-01
8.008051925683712e-03	-3.594109e-01
8.011064344385465e-03	-4.028031e-01
8.015420631668284e-03	-4.105074e-01
8.018156645001440e-03	-4.065910e-01
8.021751914742725e-03	-4.007472e-01
8.028942454225295e-03	-3.882520e-01
8.028949606782668e-03	-3.882373e-01
8.028959143525832e-03	-3.882170e-01
8.028978217012161e-03	-3.881767e-01
8.029016363984818e-03	-3.880970e-01
8.029092657930130e-03	-3.879412e-01
8.029245245820755e-03	-3.876358e-01
8.029470307299877e-03	-3.871818e-01
8.029717587854745e-03	-3.866559e-01
8.029979273266308e-03	-3.860570e-01
8.030160979337118e-03	-3.856149e-01
8.030403417542891e-03	-3.850031e-01
8.030692413193572e-03	-3.842623e-01
8.031116784328557e-03	-3.831674e-01
8.031712244960762e-03	-3.816315e-01
8.032636232695569e-03	-3.792602e-01
8.034122894726298e-03	-3.754824e-01
8.036669385559740e-03	-3.691303e-01
8.041762367226625e-03	-3.568138e-01
8.049385009174979e-03	-3.392174e-01
8.059150634174979e-03	-3.177856e-01
8.063413157621135e-03	-3.088846e-01
8.067770708708861e-03	-3.001497e-01
8.070515083862265e-03	-2.948009e-01
8.073778188094067e-03	-2.886437e-01
8.080304396557669e-03	-2.768175e-01
8.088900036835508e-03	-2.620625e-01
8.098665661835508e-03	-2.463945e-01
8.118196911835508e-03	-2.184125e-01
8.137728161835507e-03	-1.945258e-01
8.157259411835507e-03	-1.742204e-01
8.167025036835506e-03	-1.652671e-01
8.176790661835506e-03	-1.570440e-01
8.186556286835506e-03	-1.495029e-01
8.196321911835506e-03	-1.425990e-01
8.206087536835506e-03	-1.362898e-01
8.215853161835505e-03	-1.305359e-01
8.225618786835505e-03	-1.253000e-01
8.235384411835505e-03	-1.205475e-01
8.245150036835505e-03	-1.162457e-01
8.254915661835505e-03	-1.123640e-01
8.264681286835504e-03	-1.088739e-01
8.274446911835504e-03	-1.057485e-01
8.284212536835504e-03	-1.029626e-01
8.293978161835504e-03	-1.004928e-01
8.303743786835504e-03	-9.831671e-02
8.313661999726128e-03	-9.632263e-02
8.314577527069877e-03	-9.615853e-02
8.315798230194878e-03	-9.594173e-02
8.316683214739540e-03	-9.578424e-02
8.317395485720832e-03	-9.565124e-02
8.317779238300472e-03	-9.557156e-02
8.317797739481436e-03	-9.556696e-02
8.317834741843366e-03	-9.555551e-02
8.317908746567225e-03	-9.552428e-02
8.317981201698837e-03	-9.547541e-02
8.318054445810066e-03	-9.540139e-02
8.318105088370232e-03	-9.533852e-02
8.318166696805712e-03	-9.526099e-02
8.318242659020219e-03	-9.517535e-02
8.318331332014839e-03	-9.509072e-02
8.318499691332200e-03	-9.495942e-02
8.318836409966919e-03	-9.474152e-02
8.319509847236358e-03	-9.434672e-02
8.320856721775238e-03	-9.354489e-02
8.323550470852996e-03	-9.179832e-02
8.328937969008512e-03	-8.780397e-02
8.337637806215346e-03	-7.989945e-02
8.347403431215346e-03	-6.725631e-02
8.357169056215346e-03	-4.234349e-02
8.366934681215346e-03	1.435162e-02
8.375495285830269e-03	1.111779e-01
8.384475048823286e-03	2.582568e-01
8.391296258511769e-03	3.755915e-01
8.395660261794240e-03	4.209464e-01
8.401700746410914e-03	4.314386e-01
8.406001125762223e-03	4.249821e-01
8.411051545299938e-03	4.156486e-01
8.420003615441570e-03	3.989013e-01
8.429769240441570e-03	3.803418e-01
8.429883440174020e-03	3.800921e-01
8.430111839638920e-03	3.795385e-01
8.430568638568718e-03	3.784900e-01
8.431482236428317e-03	3.764679e-01
8.432736608028495e-03	3.737367e-01
8.434930326465346e-03	3.690169e-01
8.437206459258838e-03	3.642079e-01
8.441758724845825e-03	3.548530e-01
8.448079651976480e-03	3.423915e-01
8.457845276976480e-03	3.241791e-01
8.467610901976480e-03	3.071240e-01
8.477376526976480e-03	2.912680e-01
8.487142151976480e-03	2.765350e-01
8.496907776976479e-03	2.628535e-01
8.506673401976479e-03	2.501565e-01
8.516439026976479e-03	2.383810e-01
8.526204651976479e-03	2.274680e-01
8.535970276976479e-03	2.173621e-01
8.545735901976478e-03	2.080115e-01
8.555501526976478e-03	1.993674e-01
8.565267151976478e-03	1.913840e-01
8.575032776976478e-03	1.840186e-01
8.584798401976478e-03	1.772309e-01
8.594564026976477e-03	1.709832e-01
8.604329651976477e-03	1.652402e-01
8.614095276976477e-03	1.599687e-01
8.623860901976477e-03	1.551376e-01
8.633626526976476e-03	1.507178e-01
8.643392151976476e-03	1.466820e-01
8.653157776976476e-03	1.430044e-01
8.662923401976476e-03	1.396613e-01
8.672689026976476e-03	1.366299e-01
8.682454651976475e-03	1.338892e-01
8.692220276976475e-03	1.314195e-01
8.701985901976475e-03	1.292022e-01
8.711751526976475e-03	1.272200e-01
8.721517151976475e-03	1.254565e-01
8.731282776976474e-03	1.238966e-01
8.741048401976474e-03	1.225259e-01
8.750814026976474e-03	1.213311e-01
8.760579651976474e-03	1.202998e-01
8.770345276976474e-03	1.194200e-01
8.780110901976473e-03	1.186810e-01
8.789876526976473e-03	1.180723e-01
8.799642151976473e-03	1.175844e-01
8.809407776976473e-03	1.172083e-01
8.819173401976473e-03	1.169355e-01
8.828939026976472e-03	1.167583e-01
8.838704651976472e-03	1.166691e-01
8.848470276976472e-03	1.166611e-01
8.858235901976472e-03	1.167279e-01
8.868001526976471e-03	1.168634e-01
8.877767151976471e-03	1.170620e-01
8.887532776976471e-03	1.173185e-01
8.897298401976471e-03	1.176279e-01
8.907064026976471e-03	1.179856e-01
8.916829651976470e-03	1.183874e-01
8.926595276976470e-03	1.188292e-01
8.936360901976470e-03	1.193072e-01
8.946126526976470e-03	1.198165e-01
8.955911225462798e-03	1.203465e-01
8.956178254271393e-03	1.203610e-01
8.956483430052642e-03	1.203767e-01
8.957093781615142e-03	1.204037e-01
8.957471032848255e-03	1.204098e-01
8.957704030780417e-03	1.203890e-01
8.957841365833994e-03	1.203391e-01
8.957978806201973e-03	1.202460e-01
8.958075192608096e-03	1.201686e-01
8.958174026753736e-03	1.200930e-01
8.958263294115306e-03	1.200319e-01
8.958441828838445e-03	1.199240e-01
8.958798898284725e-03	1.197360e-01
8.959513037177283e-03	1.193936e-01
8.960941314962398e-03	1.186733e-01
8.963797870532631e-03	1.168384e-01
8.969510981673095e-03	1.107235e-01
8.979276606673095e-03	8.456840e-02
8.989042231673095e-03	1.568539e-02
8.996083930097069e-03	-9.265252e-02
9.003264349654384e-03	-2.635884e-01
9.007062970376657e-03	-3.607472e-01
9.009719108448375e-03	-4.014903e-01
9.013478392009357e-03	-4.119378e-01
9.015962697423819e-03	-4.087996e-01
9.019282987746405e-03	-4.034784e-01
9.025923568391579e-03	-3.922193e-01
9.027144271516579e-03	-3.901000e-01
9.027449447297829e-03	-3.895649e-01
9.028076488160865e-03	-3.884351e-01
9.028210002565163e-03	-3.881882e-01
9.028362590455788e-03	-3.879035e-01
9.028667766237038e-03	-3.873210e-01
9.028891748115681e-03	-3.868659e-01
9.029181977328332e-03	-3.862259e-01
9.029354119794665e-03	-3.858179e-01
9.029584631343176e-03	-3.852443e-01
9.029831108634452e-03	-3.846173e-01
9.030199122947891e-03	-3.836706e-01
9.030695483433717e-03	-3.823907e-01
9.031449322781779e-03	-3.804525e-01
9.032629646041257e-03	-3.774403e-01
9.034614873516133e-03	-3.724428e-01
9.038154882917430e-03	-3.637553e-01
9.045234901720023e-03	-3.470609e-01
9.054184518267849e-03	-3.269774e-01
9.061019525533865e-03	-3.123893e-01
9.064460781910201e-03	-3.053598e-01
9.068046653731780e-03	-2.982669e-01
9.070888032457978e-03	-2.927863e-01
9.074113801468131e-03	-2.867375e-01
9.079171024581376e-03	-2.775427e-01
9.084065056611549e-03	-2.689964e-01
9.091828564525744e-03	-2.561311e-01
9.101121805698399e-03	-2.416556e-01
9.110887430698399e-03	-2.275074e-01
9.130418680698398e-03	-2.023199e-01
9.140184305698398e-03	-1.911609e-01
9.159715555698398e-03	-1.714081e-01
9.169481180698397e-03	-1.627038e-01
9.179246805698397e-03	-1.547129e-01
9.189012430698397e-03	-1.473884e-01
9.198778055698397e-03	-1.406864e-01
9.208543680698397e-03	-1.345654e-01
9.218309305698396e-03	-1.289868e-01
9.228074930698396e-03	-1.239142e-01
9.237840555698396e-03	-1.193136e-01
9.247606180698396e-03	-1.151532e-01
9.257371805698396e-03	-1.114030e-01
9.267137430698395e-03	-1.080350e-01
9.276903055698395e-03	-1.050230e-01
9.286668680698395e-03	-1.023425e-01
9.296434305698395e-03	-9.997030e-02
9.306199930698394e-03	-9.788452e-02
9.316118143589019e-03	-9.597636e-02
9.316423319370269e-03	-9.592377e-02
9.317033670932768e-03	-9.581862e-02
9.318254374057769e-03	-9.560255e-02
9.318887081622682e-03	-9.543747e-02
9.319236559775346e-03	-9.523428e-02
9.319564574185892e-03	-9.494089e-02
9.319751319813396e-03	-9.478492e-02
9.319875626563100e-03	-9.470455e-02
9.319984507971547e-03	-9.464009e-02
9.320097538499482e-03	-9.457412e-02
9.320438744718735e-03	-9.438043e-02
9.320820292211960e-03	-9.416305e-02
9.321583387198410e-03	-9.371617e-02
9.323109577171310e-03	-9.277203e-02
9.326161957117111e-03	-9.070180e-02
9.332266717008712e-03	-8.589258e-02
9.342032342008711e-03	-7.611717e-02
9.351797967008711e-03	-6.080936e-02
9.361563592008711e-03	-2.696624e-02
9.371329217008711e-03	5.012719e-02
9.381094842008711e-03	1.844561e-01
9.390698165437958e-03	3.478738e-01
9.395769254095902e-03	4.126200e-01
9.400754836392688e-03	4.320220e-01
9.405967095541045e-03	4.261208e-01
9.410864990886336e-03	4.172303e-01
9.417339225353379e-03	4.053575e-01
9.427104850353378e-03	3.868773e-01
9.428325553478379e-03	3.845052e-01
9.430766959728379e-03	3.796463e-01
9.430948823567179e-03	3.792979e-01
9.431312551244780e-03	3.786025e-01
9.431945702365923e-03	3.773427e-01
9.432621125043355e-03	3.759466e-01
9.433051220177941e-03	3.750320e-01
9.433620716423433e-03	3.738044e-01
9.434282051319092e-03	3.723763e-01
9.435265282456775e-03	3.702598e-01
9.436646779509597e-03	3.673102e-01
9.438813546119211e-03	3.627492e-01
9.442351960391910e-03	3.554852e-01
9.449170775965918e-03	3.420404e-01
9.458936400965918e-03	3.238073e-01
9.468702025965918e-03	3.067498e-01
9.478467650965917e-03	2.908921e-01
9.488233275965917e-03	2.761580e-01
9.497998900965917e-03	2.624761e-01
9.507764525965917e-03	2.497792e-01
9.517530150965917e-03	2.380044e-01
9.527295775965916e-03	2.270925e-01
9.537061400965916e-03	2.169882e-01
9.546827025965916e-03	2.076395e-01
9.556592650965916e-03	1.989976e-01
9.566358275965916e-03	1.910169e-01
9.576123900965915e-03	1.836544e-01
9.585889525965915e-03	1.768699e-01
9.595655150965915e-03	1.706257e-01
9.605420775965915e-03	1.648864e-01
9.615186400965915e-03	1.596187e-01
9.624952025965914e-03	1.547917e-01
9.634717650965914e-03	1.503762e-01
9.644483275965914e-03	1.463447e-01
9.654248900965914e-03	1.426717e-01
9.664014525965913e-03	1.393331e-01
9.673780150965913e-03	1.363065e-01
9.683545775965913e-03	1.335706e-01
9.693311400965913e-03	1.311058e-01
9.703077025965913e-03	1.288934e-01
9.712842650965912e-03	1.269161e-01
9.722608275965912e-03	1.251577e-01
9.732373900965912e-03	1.236028e-01
9.742139525965912e-03	1.222372e-01
9.751905150965912e-03	1.210476e-01
9.761670775965911e-03	1.200213e-01
9.771436400965911e-03	1.191467e-01
9.781202025965911e-03	1.184127e-01
9.790967650965911e-03	1.178092e-01
9.800733275965911e-03	1.173264e-01
9.810498900965910e-03	1.169553e-01
9.820264525965910e-03	1.166876e-01
9.830030150965910e-03	1.165154e-01
9.839795775965910e-03	1.164312e-01
9.849561400965910e-03	1.164282e-01
9.859327025965909e-03	1.164999e-01
9.869092650965909e-03	1.166403e-01
9.878858275965909e-03	1.168438e-01
9.888623900965909e-03	1.171050e-01
9.898389525965908e-03	1.174192e-01
9.908155150965908e-03	1.177816e-01
9.917920775965908e-03	1.181880e-01
9.927686400965908e-03	1.186344e-01
9.937452025965908e-03	1.191170e-01
9.947217650965907e-03	1.196257e-01
9.948438354090908e-03	1.196915e-01
9.950879760340908e-03	1.198255e-01
9.952774755471372e-03	1.199294e-01
9.954298227583203e-03	1.200083e-01
9.955504335690120e-03	1.200141e-01
9.956082034802720e-03	1.198757e-01
9.956622729825653e-03	1.195805e-01
9.956874272689084e-03	1.194333e-01
9.957026075190703e-03	1.193610e-01
9.957132769125500e-03	1.193135e-01
9.957248257757784e-03	1.192623e-01
9.957356299536238e-03	1.192158e-01
9.957517923084785e-03	1.191468e-01
9.957814459830653e-03	1.190205e-01
9.958407533322390e-03	1.187599e-01
9.959593680305863e-03	1.181868e-01
9.961965974272810e-03	1.167827e-01
9.966710562206703e-03	1.124409e-01
9.976199738074489e-03	9.316586e-02
9.985965363074488e-03	4.281862e-02
9.992549262840333e-03	-3.832748e-02
1.000000000000000e-02	-1.843439e-01