time	V(out)
0.000000000000000e+00	3.174290e-28
2.500000029215244e-08	2.806869e-12
5.000000058430487e-08	-1.521028e-12
8.465301751651568e-08	-5.791205e-11
1.204676407418493e-07	-2.426726e-10
1.568501799206508e-07	-6.664820e-10
1.958241382935485e-07	-1.549244e-09
2.460770508871912e-07	-3.635439e-09
3.127950063114994e-07	-8.668246e-09
4.022646722258935e-07	-2.107000e-08
5.215543106762761e-07	-5.195651e-08
6.820082011200569e-07	-1.262280e-07
8.496902617462899e-07	-2.596286e-07
1.040077638650530e-06	-5.100228e-07
1.259616934438900e-06	-9.776297e-07
1.534902685269300e-06	-1.921360e-06
1.868764962376698e-06	-3.774770e-06
2.288015953411182e-06	-7.568397e-06
2.804775036008317e-06	-1.524894e-05
3.456215372072735e-06	-3.124952e-05
4.271782693621830e-06	-6.455676e-05
5.310084912939934e-06	-1.353917e-04
6.633139357989908e-06	-2.868098e-04
8.344644955214679e-06	-6.163371e-04
1.057542320426554e-05	-1.340166e-03
1.353497858518083e-05	-2.922612e-03
1.754081110982303e-05	-5.996868e-03
2.055876320136441e-05	-8.834223e-03
2.384211593538520e-05	-1.217781e-02
2.697158295604177e-05	-1.540544e-02
2.743198781946347e-05	-1.588205e-02
2.835279754630688e-05	-1.683704e-02
2.858299997801773e-05	-1.707592e-02
2.904340484143944e-05	-1.755393e-02
2.954012052837569e-05	-1.806974e-02
2.957742449113056e-05	-1.810848e-02
2.965203241664032e-05	-1.818597e-02
2.980124826765983e-05	-1.834090e-02
3.006040466508952e-05	-1.860989e-02
3.022603554807098e-05	-1.878171e-02
3.042640345214777e-05	-1.898944e-02
3.062739666648661e-05	-1.919766e-02
3.094429293173571e-05	-1.952566e-02
3.135942237820864e-05	-1.995480e-02
3.197781064694886e-05	-2.059288e-02
3.291281021576828e-05	-2.155495e-02
3.448903031206415e-05	-2.316871e-02
3.764147050465589e-05	-2.636586e-02
4.394635088983938e-05	-3.266731e-02
5.150198310278195e-05	-4.009867e-02
5.486855137696697e-05	-4.335647e-02
5.834070365079587e-05	-4.667129e-02
6.123319271728355e-05	-4.940509e-02
6.446634926543899e-05	-5.242717e-02
6.924760503179978e-05	-5.684290e-02
7.399526369643596e-05	-6.116174e-02
8.109193729976622e-05	-6.749577e-02
8.957569035168085e-05	-7.489856e-02
9.934131535168084e-05	-8.319947e-02
1.091069403516808e-04	-9.127145e-02
1.188725653516808e-04	-9.911532e-02
1.286381903516808e-04	-1.067397e-01
1.384038153516808e-04	-1.141529e-01
1.481694403516808e-04	-1.213627e-01
1.579350653516809e-04	-1.283764e-01
1.677006903516809e-04	-1.352012e-01
1.774663153516809e-04	-1.418438e-01
1.872319403516809e-04	-1.483106e-01
1.969975653516809e-04	-1.546077e-01
2.067631903516809e-04	-1.607410e-01
2.165288153516809e-04	-1.667159e-01
2.262944403516809e-04	-1.725379e-01
2.360600653516809e-04	-1.782119e-01
2.458256903516809e-04	-1.837427e-01
2.555913153516809e-04	-1.891351e-01
2.653569403516809e-04	-1.943933e-01
2.751225653516809e-04	-1.995217e-01
2.848881903516809e-04	-2.045242e-01
2.948064032423060e-04	-2.095095e-01
2.957219305860560e-04	-2.099605e-01
2.969426337110559e-04	-2.105601e-01
2.983216228911605e-04	-2.112356e-01
2.993621786104110e-04	-2.117439e-01
2.998662517945575e-04	-2.119894e-01
2.998818149145607e-04	-2.119970e-01
2.999129411545671e-04	-2.120120e-01
2.999751936345800e-04	-2.120422e-01
3.000320072751351e-04	-2.120697e-01
3.001080479020158e-04	-2.121065e-01
3.001873500726325e-04	-2.121448e-01
3.003459544138658e-04	-2.122215e-01
3.006631630963326e-04	-2.123744e-01
3.012975804612660e-04	-2.126792e-01
3.025664151911330e-04	-2.132837e-01
3.051040846508668e-04	-2.144706e-01
3.101794235703346e-04	-2.167509e-01
3.184757872270147e-04	-2.201821e-01
3.282414122270147e-04	-2.234838e-01
3.380070372270147e-04	-2.252388e-01
3.460852299833430e-04	-2.240988e-01
3.547538483643925e-04	-2.189822e-01
3.606524099443786e-04	-2.127777e-01
3.644339333889788e-04	-2.074741e-01
3.698924236385924e-04	-1.990475e-01
3.737014297096238e-04	-1.931081e-01
3.782397874813905e-04	-1.860739e-01
3.867544547162366e-04	-1.730235e-01
3.965200797162366e-04	-1.582279e-01
3.977407828412365e-04	-1.564001e-01
4.001821890912365e-04	-1.527726e-01
4.007925406537365e-04	-1.518685e-01
4.020132437787365e-04	-1.500655e-01
4.025216421613940e-04	-1.493160e-01
4.030023055220797e-04	-1.486088e-01
4.034505162684639e-04	-1.479505e-01
4.041008061252719e-04	-1.469971e-01
4.048706411804096e-04	-1.458713e-01
4.061182708704206e-04	-1.440540e-01
4.082909418327501e-04	-1.409109e-01
4.126362837574090e-04	-1.347070e-01
4.213269676067270e-04	-1.225436e-01
4.310925926067270e-04	-1.092234e-01
4.408582176067270e-04	-9.629557e-02
4.506238426067270e-04	-8.375514e-02
4.603894676067270e-04	-7.158638e-02
4.701550926067270e-04	-5.977429e-02
4.799207176067270e-04	-4.830468e-02
4.896863426067270e-04	-3.716406e-02
4.994519676067270e-04	-2.633961e-02
5.092175926067270e-04	-1.581918e-02
5.189832176067270e-04	-5.591215e-03
5.287488426067270e-04	4.355281e-03
5.385144676067270e-04	1.403075e-02
5.482800926067270e-04	2.344513e-02
5.580457176067270e-04	3.260786e-02
5.678113426067270e-04	4.152797e-02
5.775769676067271e-04	5.021401e-02
5.873425926067271e-04	5.867415e-02
5.971082176067271e-04	6.691618e-02
6.068738426067271e-04	7.494752e-02
6.166394676067271e-04	8.277524e-02
6.264050926067271e-04	9.040612e-02
6.361707176067271e-04	9.784658e-02
6.459363426067271e-04	1.051028e-01
6.557019676067271e-04	1.121807e-01
6.654675926067271e-04	1.190858e-01
6.752332176067271e-04	1.258236e-01
6.849988426067272e-04	1.323993e-01
6.947644676067272e-04	1.388176e-01
7.045300926067272e-04	1.450835e-01
7.142957176067272e-04	1.512013e-01
7.240613426067272e-04	1.571755e-01
7.338269676067272e-04	1.630101e-01
7.435925926067272e-04	1.687093e-01
7.533582176067272e-04	1.742768e-01
7.631238426067272e-04	1.797163e-01
7.728894676067272e-04	1.850313e-01
7.826550926067272e-04	1.902253e-01
7.924207176067272e-04	1.953016e-01
8.021863426067273e-04	2.002632e-01
8.119519676067273e-04	2.051132e-01
8.217175926067273e-04	2.098546e-01
8.314832176067273e-04	2.144901e-01
8.412488426067273e-04	2.190225e-01
8.510144676067273e-04	2.234544e-01
8.607800926067273e-04	2.277883e-01
8.705457176067273e-04	2.320266e-01
8.803113426067273e-04	2.361718e-01
8.900769676067273e-04	2.402260e-01
8.998425926067273e-04	2.441915e-01
9.096082176067274e-04	2.480705e-01
9.193738426067274e-04	2.518649e-01
9.291394676067274e-04	2.555768e-01
9.389050926067274e-04	2.592081e-01
9.486707176067274e-04	2.627606e-01
9.584363426067274e-04	2.662363e-01
9.682019676067274e-04	2.696428e-01
9.748882861641991e-04	2.719405e-01
9.751934619454492e-04	2.720440e-01
9.758038135079492e-04	2.722507e-01
9.770245166329493e-04	2.726633e-01
9.776631430612585e-04	2.728788e-01
9.780133695380788e-04	2.729966e-01
9.780243044878588e-04	2.730003e-01
9.780461743874190e-04	2.730076e-01
9.780899141865393e-04	2.730222e-01
9.781301412633715e-04	2.730356e-01
9.781829778430966e-04	2.730532e-01
9.782431428331264e-04	2.730733e-01
9.783634728131858e-04	2.731133e-01
9.786041327733048e-04	2.731933e-01
9.790854526935428e-04	2.733526e-01
9.800480925340187e-04	2.736680e-01
9.819733722149706e-04	2.742852e-01
9.858239315768743e-04	2.754458e-01
9.935250503006815e-04	2.773301e-01
1.003290675300681e-03	2.784661e-01
1.009687811742198e-03	2.771928e-01
1.016779233619475e-03	2.724158e-01
1.021041137967709e-03	2.673991e-01
1.023600259106983e-03	2.633845e-01
1.027534700020822e-03	2.566207e-01
1.030196222992548e-03	2.520004e-01
1.033266342631802e-03	2.466756e-01
1.034011643853606e-03	2.453854e-01
1.035502246297213e-03	2.428088e-01
1.035874896908115e-03	2.421653e-01
1.036620198129919e-03	2.408800e-01
1.038110800573527e-03	2.383118e-01
1.038123354927595e-03	2.382901e-01
1.038148463635732e-03	2.382469e-01
1.038198681052007e-03	2.381606e-01
1.038299115884555e-03	2.379878e-01
1.038461594829164e-03	2.377085e-01
1.038628252046152e-03	2.374222e-01
1.038822607742681e-03	2.370885e-01
1.039066721925595e-03	2.366696e-01
1.039339511316081e-03	2.362020e-01
1.039733836152044e-03	2.355268e-01
1.040295577092471e-03	2.345667e-01
1.041153898236170e-03	2.331036e-01
1.042523003184020e-03	2.307796e-01
1.044837016214818e-03	2.268813e-01
1.049465042276414e-03	2.191836e-01
1.056713345163536e-03	2.073143e-01
1.061534938934742e-03	1.995453e-01
1.064558046558064e-03	1.947464e-01
1.067766839487100e-03	1.897070e-01
1.069903920979681e-03	1.863812e-01
1.072847108621425e-03	1.818526e-01
1.078733483904912e-03	1.729149e-01
1.084463354488319e-03	1.643800e-01
1.094228979488319e-03	1.501850e-01
1.113760229488320e-03	1.229675e-01
1.133291479488320e-03	9.732583e-02
1.143057104488320e-03	8.505697e-02
1.152822729488320e-03	7.313693e-02
1.162588354488320e-03	6.155223e-02
1.172353979488320e-03	5.029007e-02
1.182119604488320e-03	3.933827e-02
1.191885229488320e-03	2.868526e-02
1.201650854488320e-03	1.832004e-02
1.211416479488320e-03	8.232137e-03
1.221182104488320e-03	-1.588417e-03
1.230947729488320e-03	-1.115111e-02
1.240713354488320e-03	-2.046499e-02
1.250478979488320e-03	-2.953865e-02
1.260244604488320e-03	-3.838033e-02
1.270010229488320e-03	-4.699785e-02
1.279775854488320e-03	-5.539868e-02
1.289541479488320e-03	-6.358995e-02
1.299440618892616e-03	-7.173533e-02
1.299898382564491e-03	-7.210462e-02
1.300508734126992e-03	-7.259616e-02
1.301729437251992e-03	-7.357734e-02
1.302606866571937e-03	-7.428113e-02
1.303150651672171e-03	-7.471641e-02
1.303439885334076e-03	-7.494744e-02
1.303708164459586e-03	-7.516129e-02
1.303818798365310e-03	-7.524937e-02
1.303897895347287e-03	-7.531230e-02
1.303985176815197e-03	-7.538173e-02
1.304066535056771e-03	-7.544641e-02
1.304229251539917e-03	-7.557572e-02
1.304405484870692e-03	-7.571565e-02
1.304754105507433e-03	-7.599203e-02
1.305451346780915e-03	-7.654316e-02
1.306845829327879e-03	-7.763860e-02
1.309634794421807e-03	-7.980058e-02
1.315212724609664e-03	-8.400442e-02
1.324978349609664e-03	-9.101578e-02
1.334743974609664e-03	-9.743829e-02
1.344509599609664e-03	-1.026749e-01
1.354275224609664e-03	-1.054740e-01
1.363354328071729e-03	-1.039279e-01
1.373119953071729e-03	-9.715521e-02
1.377668820649218e-03	-9.210992e-02
1.383876535316575e-03	-8.398678e-02
1.388034906425794e-03	-7.848550e-02
1.393047426519499e-03	-7.190618e-02
1.402813051519499e-03	-5.919686e-02
1.404033754644499e-03	-5.762272e-02
1.406475160894499e-03	-5.449589e-02
1.406483160440291e-03	-5.448567e-02
1.406499159531875e-03	-5.446525e-02
1.406531157715043e-03	-5.442441e-02
1.406595154081379e-03	-5.434275e-02
1.406723146814052e-03	-5.417950e-02
1.406979132279397e-03	-5.385326e-02
1.407443051800550e-03	-5.326275e-02
1.408057874570293e-03	-5.248153e-02
1.408788166830818e-03	-5.155571e-02
1.409638931771380e-03	-5.048050e-02
1.411051452621717e-03	-4.870326e-02
1.413243823949577e-03	-4.596424e-02
1.417057065335003e-03	-4.125876e-02
1.424198046678320e-03	-3.261551e-02
1.433963671678321e-03	-2.109379e-02
1.443729296678321e-03	-9.916645e-03
1.453494921678321e-03	9.054493e-04
1.463260546678321e-03	1.138767e-02
1.473026171678321e-03	2.154440e-02
1.482791796678321e-03	3.138926e-02
1.492557421678321e-03	4.093517e-02
1.502323046678321e-03	5.019436e-02
1.512088671678321e-03	5.917845e-02
1.521854296678321e-03	6.789847e-02
1.531619921678321e-03	7.636486e-02
1.541385546678321e-03	8.458754e-02
1.551151171678321e-03	9.257597e-02
1.560916796678321e-03	1.003391e-01
1.570682421678321e-03	1.078854e-01
1.580448046678321e-03	1.152230e-01
1.590213671678321e-03	1.223596e-01
1.599979296678321e-03	1.293024e-01
1.609744921678321e-03	1.360586e-01
1.619510546678321e-03	1.426347e-01
1.629276171678321e-03	1.490370e-01
1.639041796678321e-03	1.552715e-01
1.648807421678321e-03	1.613441e-01
1.658573046678321e-03	1.672601e-01
1.668338671678321e-03	1.730249e-01
1.678104296678321e-03	1.786433e-01
1.687869921678321e-03	1.841202e-01
1.697635546678321e-03	1.894601e-01
1.707401171678321e-03	1.946673e-01
1.717166796678321e-03	1.997461e-01
1.726932421678321e-03	2.047003e-01
1.736698046678321e-03	2.095339e-01
1.746463671678321e-03	2.142504e-01
1.756229296678321e-03	2.188533e-01
1.765994921678321e-03	2.233461e-01
1.775760546678321e-03	2.277318e-01
1.785526171678321e-03	2.320137e-01
1.795291796678321e-03	2.361946e-01
1.805057421678321e-03	2.402773e-01
1.814823046678321e-03	2.442647e-01
1.824588671678321e-03	2.481593e-01
1.834354296678321e-03	2.519637e-01
1.844119921678321e-03	2.556803e-01
1.853885546678321e-03	2.593114e-01
1.863651171678321e-03	2.628593e-01
1.873416796678321e-03	2.663261e-01
1.883182421678321e-03	2.697139e-01
1.892948046678321e-03	2.730248e-01
1.902713671678321e-03	2.762607e-01
1.912479296678321e-03	2.794234e-01
1.922244921678321e-03	2.825149e-01
1.932010546678321e-03	2.855368e-01
1.941776171678321e-03	2.884907e-01
1.951541796678321e-03	2.913785e-01
1.961307421678321e-03	2.942016e-01
1.971206561082618e-03	2.970142e-01
1.971664324754493e-03	2.971419e-01
1.972274676316992e-03	2.973120e-01
1.973495379441993e-03	2.976516e-01
1.974369501195885e-03	2.978942e-01
1.974815811539150e-03	2.980177e-01
1.975058046058029e-03	2.980844e-01
1.975167438729616e-03	2.981144e-01
1.975247389521636e-03	2.981362e-01
1.975333501311872e-03	2.981597e-01
1.975424191954238e-03	2.981844e-01
1.975587233533061e-03	2.982287e-01
1.975913316690708e-03	2.983170e-01
1.976565483006001e-03	2.984922e-01
1.977869815636587e-03	2.988363e-01
1.980478480897758e-03	2.994933e-01
1.985695811420101e-03	3.005997e-01
1.995461436420101e-03	3.018525e-01
2.001691878085084e-03	3.013467e-01
2.008169765133796e-03	2.982956e-01
2.014020543240067e-03	2.927490e-01
2.017220479275494e-03	2.882557e-01
2.019707022168402e-03	2.840587e-01
2.022810901727404e-03	2.785728e-01
2.025261678719034e-03	2.742245e-01
2.028279032765390e-03	2.688863e-01
2.034313740858103e-03	2.582472e-01
2.035534443983104e-03	2.561033e-01
2.035839619764354e-03	2.555689e-01
2.036449971326854e-03	2.545007e-01
2.036726008929744e-03	2.540181e-01
2.036975304528420e-03	2.535826e-01
2.037244358345409e-03	2.531130e-01
2.037508925844355e-03	2.526517e-01
2.037882881148633e-03	2.520005e-01
2.038428656526101e-03	2.510516e-01
2.039298080063041e-03	2.495443e-01
2.040983108176916e-03	2.466384e-01
2.044353164404667e-03	2.408831e-01
2.050491137155756e-03	2.305573e-01
2.057925937056881e-03	2.182628e-01
2.062267185832026e-03	2.112022e-01
2.064995129591437e-03	2.068274e-01
2.067994743987933e-03	2.020669e-01
2.071101723918303e-03	1.971814e-01
2.073933937330757e-03	1.927773e-01
2.079158972692588e-03	1.847537e-01
2.084039240343062e-03	1.773798e-01
2.091967489495693e-03	1.656547e-01
2.101733114495693e-03	1.515647e-01
2.111498739495692e-03	1.378673e-01
2.131029989495692e-03	1.116466e-01
2.140795614495692e-03	9.909280e-02
2.160326864495691e-03	7.502770e-02
2.170092489495691e-03	6.349025e-02
2.179858114495691e-03	5.226648e-02
2.189623739495691e-03	4.134487e-02
2.199389364495691e-03	3.071445e-02
2.209154989495690e-03	2.036479e-02
2.218920614495690e-03	1.028593e-02
2.228686239495690e-03	4.684154e-04
2.238451864495690e-03	-9.096790e-03
2.248217489495689e-03	-1.841829e-02
2.257983114495689e-03	-2.750430e-02
2.267748739495689e-03	-3.636264e-02
2.277514364495689e-03	-4.500080e-02
2.287279989495689e-03	-5.342592e-02
2.297045614495688e-03	-6.164271e-02
2.306811239495688e-03	-6.970304e-02
2.306963827386313e-03	-6.982720e-02
2.307269003167563e-03	-7.007353e-02
2.307439380376099e-03	-7.021095e-02
2.307638476768170e-03	-7.037139e-02
2.307845754071101e-03	-7.053830e-02
2.308069836744175e-03	-7.071854e-02
2.308405280856962e-03	-7.098802e-02
2.308857806820354e-03	-7.135087e-02
2.309619489749378e-03	-7.195968e-02
2.310920788273898e-03	-7.299374e-02
2.313504339080392e-03	-7.502425e-02
2.317937166722967e-03	-7.842845e-02
2.326802822008116e-03	-8.496904e-02
2.336568447008116e-03	-9.170359e-02
2.346334072008116e-03	-9.758056e-02
2.356099697008116e-03	-1.018204e-01
2.364380799928914e-03	-1.027197e-01
2.373161171985785e-03	-9.969521e-02
2.379315468242465e-03	-9.472246e-02
2.383315249000769e-03	-9.008949e-02
2.388955382549728e-03	-8.274901e-02
2.392908532380287e-03	-7.753604e-02
2.397664869620613e-03	-7.130219e-02
2.406489913554050e-03	-5.982269e-02
2.407710616679050e-03	-5.824797e-02
2.410152022929050e-03	-5.511797e-02
2.410177465505315e-03	-5.508541e-02
2.410228350657844e-03	-5.502040e-02
2.410330120962902e-03	-5.489040e-02
2.410533661573020e-03	-5.463053e-02
2.410815836118933e-03	-5.427053e-02
2.411154841161810e-03	-5.383843e-02
2.411499477374687e-03	-5.339968e-02
2.411954615244517e-03	-5.282107e-02
2.412472258780169e-03	-5.216417e-02
2.413229003000241e-03	-5.120618e-02
2.414310194689852e-03	-4.984222e-02
2.415985857618915e-03	-4.773967e-02
2.418709124308328e-03	-4.435280e-02
2.423535241512104e-03	-3.844639e-02
2.433187475919656e-03	-2.690053e-02
2.442953100919656e-03	-1.554893e-02
2.452718725919656e-03	-4.561678e-03
2.462484350919655e-03	6.075901e-03
2.472249975919655e-03	1.637877e-02
2.482015600919655e-03	2.636109e-02
2.491781225919655e-03	3.603632e-02
2.501546850919655e-03	4.541716e-02
2.511312475919654e-03	5.451571e-02
2.521078100919654e-03	6.334340e-02
2.530843725919654e-03	7.191109e-02
2.540609350919654e-03	8.022910e-02
2.550374975919653e-03	8.830721e-02
2.560140600919653e-03	9.615470e-02
2.569906225919653e-03	1.037804e-01
2.579671850919653e-03	1.111928e-01
2.589437475919653e-03	1.183997e-01
2.599203100919652e-03	1.254088e-01
2.608968725919652e-03	1.322272e-01
2.618734350919652e-03	1.388620e-01
2.628499975919652e-03	1.453195e-01
2.638265600919652e-03	1.516060e-01
2.648031225919651e-03	1.577275e-01
2.657796850919651e-03	1.636897e-01
2.667562475919651e-03	1.694978e-01
2.677328100919651e-03	1.751571e-01
2.687093725919651e-03	1.806725e-01
2.696859350919650e-03	1.860486e-01
2.706624975919650e-03	1.912901e-01
2.726156225919650e-03	2.013856e-01
2.735921850919650e-03	2.062477e-01
2.745687475919649e-03	2.109912e-01
2.755453100919649e-03	2.156195e-01
2.765218725919649e-03	2.201362e-01
2.774984350919649e-03	2.245446e-01
2.784749975919648e-03	2.288477e-01
2.794515600919648e-03	2.330487e-01
2.804281225919648e-03	2.371504e-01
2.814046850919648e-03	2.411557e-01
2.823812475919648e-03	2.450672e-01
2.833578100919647e-03	2.488876e-01
2.843343725919647e-03	2.526192e-01
2.853109350919647e-03	2.562645e-01
2.862874975919647e-03	2.598259e-01
2.872640600919647e-03	2.633054e-01
2.882406225919646e-03	2.667052e-01
2.892171850919646e-03	2.700275e-01
2.901937475919646e-03	2.732741e-01
2.911703100919646e-03	2.764470e-01
2.921468725919646e-03	2.795480e-01
2.931234350919645e-03	2.825790e-01
2.940999975919645e-03	2.855416e-01
2.950765600919645e-03	2.884375e-01
2.960531225919645e-03	2.912683e-01
2.970296850919645e-03	2.940508e-01
2.970402720423497e-03	2.940806e-01
2.970614459431203e-03	2.941399e-01
2.971037937446613e-03	2.942583e-01
2.971350691322010e-03	2.943457e-01
2.971605205314926e-03	2.944168e-01
2.971784030948112e-03	2.944667e-01
2.971877308432856e-03	2.944926e-01
2.971971745792050e-03	2.945188e-01
2.972023708671996e-03	2.945332e-01
2.972083613412054e-03	2.945497e-01
2.972144509205659e-03	2.945665e-01
2.972266300792871e-03	2.946001e-01
2.972509883967293e-03	2.946670e-01
2.972997050316138e-03	2.948000e-01
2.973971383013827e-03	2.950628e-01
2.975920048409206e-03	2.955731e-01
2.979817379199963e-03	2.965070e-01
2.987612040781478e-03	2.979433e-01
2.995407525801457e-03	2.983764e-01
3.001566541639778e-03	2.968904e-01
3.008469745938959e-03	2.922081e-01
3.012779969635765e-03	2.872154e-01
3.015449365867442e-03	2.830686e-01
3.018412534568392e-03	2.779422e-01
3.021409041389906e-03	2.726590e-01
3.024249908855926e-03	2.676516e-01
3.028245714950444e-03	2.606353e-01
3.034195459564757e-03	2.502287e-01
3.034197619905775e-03	2.502250e-01
3.034201940587811e-03	2.502175e-01
3.034227864680029e-03	2.501724e-01
3.034262430136320e-03	2.501123e-01
3.034331561048900e-03	2.499922e-01
3.034469822874061e-03	2.497519e-01
3.034719802662884e-03	2.493175e-01
3.034955267651553e-03	2.489085e-01
3.035230997649665e-03	2.484299e-01
3.035386674369531e-03	2.481599e-01
3.035622232177921e-03	2.477517e-01
3.035871631999799e-03	2.473198e-01
3.036238522351720e-03	2.466851e-01
3.036733788052645e-03	2.458297e-01
3.037490415489112e-03	2.445259e-01
3.038667777999969e-03	2.425043e-01
3.040661535088585e-03	2.391017e-01
3.044182478827635e-03	2.331591e-01
3.051224366305735e-03	2.214762e-01
3.060032987313441e-03	2.071335e-01
3.063990135524851e-03	2.008152e-01
3.068662333341383e-03	1.934745e-01
3.071382327600357e-03	1.892501e-01
3.074695310845712e-03	1.841742e-01
3.081321277336422e-03	1.741970e-01
3.091086902336422e-03	1.598220e-01
3.100852527336421e-03	1.458367e-01
3.110618152336421e-03	1.322599e-01
3.130149402336421e-03	1.062681e-01
3.139915027336421e-03	9.382290e-02
3.149680652336420e-03	8.172596e-02
3.159446277336420e-03	6.996407e-02
3.169211902336420e-03	5.852465e-02
3.178977527336420e-03	4.739572e-02
3.188743152336419e-03	3.656590e-02
3.198508777336419e-03	2.602435e-02
3.208274402336419e-03	1.576077e-02
3.218040027336419e-03	5.765323e-03
3.227805652336419e-03	-3.971340e-03
3.237571277336418e-03	-1.345814e-02
3.247336902336418e-03	-2.270357e-02
3.257102527336418e-03	-3.171576e-02
3.266868152336418e-03	-4.050244e-02
3.276633777336418e-03	-4.907100e-02
3.286399402336417e-03	-5.742850e-02
3.296165027336417e-03	-6.558168e-02
3.306083240227042e-03	-7.370758e-02
3.306388416008292e-03	-7.395283e-02
3.306998767570792e-03	-7.444263e-02
3.308219470695792e-03	-7.542051e-02
3.308898027691229e-03	-7.596296e-02
3.309261519122893e-03	-7.625281e-02
3.309550582829423e-03	-7.648280e-02
3.309742453954603e-03	-7.663526e-02
3.309873517495605e-03	-7.673933e-02
3.310012384352923e-03	-7.684954e-02
3.310142641519737e-03	-7.695284e-02
3.310330636129595e-03	-7.710182e-02
3.310692056038762e-03	-7.738779e-02
3.311414895857096e-03	-7.795805e-02
3.312860575493763e-03	-7.909156e-02
3.315751934767097e-03	-8.132896e-02
3.321534653313765e-03	-8.568466e-02
3.331300278313765e-03	-9.271705e-02
3.341065903313764e-03	-9.924032e-02
3.350831528313764e-03	-1.048398e-01
3.360597153313764e-03	-1.086589e-01
3.369032408867037e-03	-1.090339e-01
3.377851029712180e-03	-1.053506e-01
3.383614655420304e-03	-1.003147e-01
3.387593715623264e-03	-9.554542e-02
3.392909522519538e-03	-8.853925e-02
3.396456625968531e-03	-8.382053e-02
3.401360679013699e-03	-7.734296e-02
3.411126304013699e-03	-6.454825e-02
3.412347007138699e-03	-6.296203e-02
3.412652182919950e-03	-6.256783e-02
3.413262534482449e-03	-6.178026e-02
3.413952971785372e-03	-6.089040e-02
3.414411744075103e-03	-6.030001e-02
3.414929585627727e-03	-5.963458e-02
3.415224493896942e-03	-5.925617e-02
3.415729103327047e-03	-5.860966e-02
3.416206260360920e-03	-5.799941e-02
3.416977085507830e-03	-5.701594e-02
3.418022675976535e-03	-5.568643e-02
3.419660064457077e-03	-5.361529e-02
3.422278878724626e-03	-5.033077e-02
3.426878304456015e-03	-4.465006e-02
3.436077155918793e-03	-3.353753e-02
3.445842780918792e-03	-2.206628e-02
3.455608405918792e-03	-1.095829e-02
3.465374030918792e-03	-2.033302e-04
3.475139655918792e-03	1.021369e-02
3.484905280918792e-03	2.030707e-02
3.494670905918791e-03	3.009036e-02
3.504436530918791e-03	3.957640e-02
3.514202155918791e-03	4.877737e-02
3.523967780918791e-03	5.770481e-02
3.533733405918791e-03	6.636969e-02
3.543499030918790e-03	7.478240e-02
3.553264655918790e-03	8.295281e-02
3.563030280918790e-03	9.089031e-02
3.572795905918790e-03	9.860380e-02
3.582561530918790e-03	1.061017e-01
3.592327155918789e-03	1.133922e-01
3.602092780918789e-03	1.204828e-01
3.611858405918789e-03	1.273808e-01
3.621624030918789e-03	1.340932e-01
3.631389655918789e-03	1.406266e-01
3.641155280918788e-03	1.469872e-01
3.650920905918788e-03	1.531811e-01
3.660686530918788e-03	1.592139e-01
3.670452155918788e-03	1.650912e-01
3.680217780918787e-03	1.708180e-01
3.689983405918787e-03	1.763994e-01
3.699749030918787e-03	1.818401e-01
3.709514655918787e-03	1.871447e-01
3.719280280918787e-03	1.923174e-01
3.729045905918786e-03	1.973623e-01
3.738811530918786e-03	2.022836e-01
3.748577155918786e-03	2.070848e-01
3.758342780918786e-03	2.117697e-01
3.768108405918786e-03	2.163418e-01
3.777874030918785e-03	2.208043e-01
3.787639655918785e-03	2.251605e-01
3.797405280918785e-03	2.294134e-01
3.807170905918785e-03	2.335660e-01
3.816936530918785e-03	2.376211e-01
3.826702155918784e-03	2.415814e-01
3.836467780918784e-03	2.454495e-01
3.846233405918784e-03	2.492279e-01
3.855999030918784e-03	2.529191e-01
3.865764655918784e-03	2.565253e-01
3.875530280918783e-03	2.600488e-01
3.885295905918783e-03	2.634918e-01
3.895061530918783e-03	2.668563e-01
3.904827155918783e-03	2.701443e-01
3.914592780918782e-03	2.733578e-01
3.924358405918782e-03	2.764986e-01
3.934124030918782e-03	2.795686e-01
3.943889655918782e-03	2.825694e-01
3.953655280918782e-03	2.855028e-01
3.963420905918781e-03	2.883861e-01
3.963573493809406e-03	2.884306e-01
3.964489021153156e-03	2.886959e-01
3.965709724278156e-03	2.890484e-01
3.968151130528156e-03	2.897514e-01
3.969126643319196e-03	2.900310e-01
3.969705799044289e-03	2.901959e-01
3.969939093911178e-03	2.902618e-01
3.970105088458257e-03	2.903086e-01
3.970220862946453e-03	2.903411e-01
3.970343256021159e-03	2.903755e-01
3.970617384250763e-03	2.904522e-01
3.970868036626562e-03	2.905220e-01
3.971369341378158e-03	2.906609e-01
3.972371950881352e-03	2.909350e-01
3.974377169887738e-03	2.914663e-01
3.978387607900511e-03	2.924307e-01
3.986408483926058e-03	2.938929e-01
3.993830336563877e-03	2.942335e-01
4.000011504380611e-03	2.926419e-01
4.006796056172356e-03	2.879686e-01
4.010834818674820e-03	2.832870e-01
4.013492177893691e-03	2.791840e-01
4.016364598295688e-03	2.742521e-01
4.019302520405186e-03	2.691015e-01
4.022231786339837e-03	2.639644e-01
4.025954132511483e-03	2.574603e-01
4.032097955136088e-03	2.467687e-01
4.032872516427315e-03	2.454262e-01
4.032894071090964e-03	2.453890e-01
4.032922810642497e-03	2.453393e-01
4.032980289745562e-03	2.452399e-01
4.033095247951692e-03	2.450413e-01
4.033325164363952e-03	2.446440e-01
4.033566271459829e-03	2.442277e-01
4.033847373425395e-03	2.437426e-01
4.034028634792314e-03	2.434300e-01
4.034287330366208e-03	2.429843e-01
4.034524756198135e-03	2.425755e-01
4.034906998855912e-03	2.419182e-01
4.035415434412514e-03	2.410453e-01
4.036201709117622e-03	2.396986e-01
4.037421064037760e-03	2.376179e-01
4.039507101384412e-03	2.340809e-01
4.043214230122687e-03	2.278676e-01
4.050542394466175e-03	2.158029e-01
4.059673481925501e-03	2.010601e-01
4.063767489257101e-03	1.945803e-01
4.068074772198719e-03	1.878723e-01
4.070778832593523e-03	1.837084e-01
4.073994321931962e-03	1.788211e-01
4.080425300608840e-03	1.692040e-01
4.089015096810453e-03	1.566324e-01
4.098780721810452e-03	1.427130e-01
4.118311971810452e-03	1.160548e-01
4.137843221810452e-03	9.090127e-02
4.147608846810451e-03	7.885254e-02
4.157374471810451e-03	6.713797e-02
4.167140096810451e-03	5.574500e-02
4.176905721810451e-03	4.466166e-02
4.186671346810450e-03	3.387658e-02
4.196436971810450e-03	2.337896e-02
4.206202596810450e-03	1.315849e-02
4.215968221810450e-03	3.205361e-03
4.225733846810450e-03	-6.489763e-03
4.235499471810449e-03	-1.593579e-02
4.245265096810449e-03	-2.514120e-02
4.255030721810449e-03	-3.411410e-02
4.264796346810449e-03	-4.286221e-02
4.274561971810449e-03	-5.139292e-02
4.284327596810448e-03	-5.971327e-02
4.294093221810448e-03	-6.783000e-02
4.304926962044823e-03	-7.665114e-02
4.306147665169823e-03	-7.762357e-02
4.308589071419823e-03	-7.956113e-02
4.310336683174393e-03	-8.094335e-02
4.310391296041723e-03	-8.098643e-02
4.310500521776383e-03	-8.107246e-02
4.310718973245704e-03	-8.124445e-02
4.311102788008475e-03	-8.154644e-02
4.311313494295961e-03	-8.171209e-02
4.311444051450109e-03	-8.181459e-02
4.311577589883877e-03	-8.191930e-02
4.311645592671966e-03	-8.197256e-02
4.311724613462556e-03	-8.203443e-02
4.311799345655420e-03	-8.209293e-02
4.311948810041148e-03	-8.220986e-02
4.312247738812604e-03	-8.244347e-02
4.312845596355515e-03	-8.290958e-02
4.314041311441338e-03	-8.383717e-02
4.316432741612985e-03	-8.567287e-02
4.321215601956277e-03	-8.925895e-02
4.330781322642862e-03	-9.614954e-02
4.340546947642862e-03	-1.027367e-01
4.350312572642861e-03	-1.085625e-01
4.360078197642861e-03	-1.129857e-01
4.368526001911527e-03	-1.143780e-01
4.377520077186074e-03	-1.119102e-01
4.384897959667131e-03	-1.063673e-01
4.389321095535258e-03	-1.013469e-01
4.394894181799358e-03	-9.402832e-02
4.399259470911677e-03	-8.818745e-02
4.404067784318862e-03	-8.178952e-02
4.411730009405593e-03	-7.166991e-02
4.412950712530592e-03	-7.007040e-02
4.415392118780593e-03	-6.689080e-02
4.416002470343093e-03	-6.609826e-02
4.417223173468093e-03	-6.451690e-02
4.417294699041824e-03	-6.442441e-02
4.417370992987136e-03	-6.432577e-02
4.417523580877761e-03	-6.412859e-02
4.417828756659011e-03	-6.373449e-02
4.418222970233283e-03	-6.322586e-02
4.418551600317760e-03	-6.280236e-02
4.418987798677172e-03	-6.224100e-02
4.419444850490890e-03	-6.165373e-02
4.420089002387969e-03	-6.082778e-02
4.420972826332954e-03	-5.969773e-02
4.422297156789555e-03	-5.801159e-02
4.424352197763188e-03	-5.541239e-02
4.427822487536594e-03	-5.107237e-02
4.434188326629286e-03	-4.325555e-02
4.443953951629286e-03	-3.155652e-02
4.453719576629286e-03	-2.020098e-02
4.463485201629286e-03	-9.207455e-03
4.473250826629286e-03	1.439565e-03
4.483016451629285e-03	1.175479e-02
4.492782076629285e-03	2.175215e-02
4.502547701629285e-03	3.144486e-02
4.512313326629285e-03	4.084544e-02
4.522078951629285e-03	4.996577e-02
4.531844576629284e-03	5.881710e-02
4.541610201629284e-03	6.741013e-02
4.551375826629284e-03	7.575500e-02
4.561141451629284e-03	8.386136e-02
4.570907076629284e-03	9.173836e-02
4.580672701629283e-03	9.939469e-02
4.590438326629283e-03	1.068386e-01
4.600203951629283e-03	1.140780e-01
4.609969576629283e-03	1.211204e-01
4.619735201629283e-03	1.279728e-01
4.629500826629282e-03	1.346421e-01
4.639266451629282e-03	1.411347e-01
4.649032076629282e-03	1.474567e-01
4.658797701629282e-03	1.536140e-01
4.668563326629281e-03	1.596123e-01
4.678328951629281e-03	1.654568e-01
4.688094576629281e-03	1.711526e-01
4.697860201629281e-03	1.767047e-01
4.707625826629281e-03	1.821175e-01
4.717391451629280e-03	1.873957e-01
4.736922701629280e-03	1.975646e-01
4.746688326629280e-03	2.024633e-01
4.756453951629280e-03	2.072431e-01
4.766219576629279e-03	2.119078e-01
4.775985201629279e-03	2.164605e-01
4.785750826629279e-03	2.209048e-01
4.795516451629279e-03	2.252435e-01
4.805282076629279e-03	2.294799e-01
4.815047701629278e-03	2.336167e-01
4.824813326629278e-03	2.376568e-01
4.834578951629278e-03	2.416029e-01
4.844344576629278e-03	2.454574e-01
4.854110201629278e-03	2.492229e-01
4.863875826629277e-03	2.529017e-01
4.873641451629277e-03	2.564962e-01
4.883407076629277e-03	2.600085e-01
4.893172701629277e-03	2.634407e-01
4.902938326629276e-03	2.667950e-01
4.912703951629276e-03	2.700733e-01
4.922469576629276e-03	2.732775e-01
4.932235201629276e-03	2.764094e-01
4.942000826629276e-03	2.794708e-01
4.951766451629275e-03	2.824635e-01
4.961532076629275e-03	2.854051e-01
4.961684664519900e-03	2.854505e-01
4.962600191863650e-03	2.857212e-01
4.963820894988650e-03	2.860810e-01
4.965514918000568e-03	2.865792e-01
4.966305967993772e-03	2.868111e-01
4.966785064617392e-03	2.869512e-01
4.967040758861754e-03	2.870255e-01
4.967159071400619e-03	2.870597e-01
4.967231939434904e-03	2.870808e-01
4.967299198809963e-03	2.871002e-01
4.967368887439592e-03	2.871203e-01
4.967480209831773e-03	2.871523e-01
4.967702854616136e-03	2.872163e-01
4.968148144184861e-03	2.873437e-01
4.969038723322312e-03	2.875958e-01
4.970819881597213e-03	2.880885e-01
4.974382198147016e-03	2.890118e-01
4.981506831246621e-03	2.904775e-01
4.991272456246621e-03	2.913192e-01
4.997784114416773e-03	2.899419e-01
5.005351540927528e-03	2.848409e-01
5.010279775710732e-03	2.790489e-01
5.013109335057757e-03	2.745969e-01
5.017300963072536e-03	2.673404e-01
5.020129854441364e-03	2.623969e-01
5.023447043228306e-03	2.566174e-01
5.030081420802190e-03	2.451040e-01
5.031148887137073e-03	2.432590e-01
5.031415753720794e-03	2.427992e-01
5.031949486888236e-03	2.418800e-01
5.032082920180096e-03	2.416503e-01
5.032349786763817e-03	2.411913e-01
5.032644188552838e-03	2.406852e-01
5.032808902881623e-03	2.404022e-01
5.033024995323297e-03	2.400313e-01
5.033273423194998e-03	2.396052e-01
5.033621774892505e-03	2.390084e-01
5.034094076580582e-03	2.382004e-01
5.034803482600760e-03	2.369893e-01
5.035910020784327e-03	2.351067e-01
5.037748227533841e-03	2.319968e-01
5.040986047601875e-03	2.265748e-01
5.047461687737943e-03	2.159041e-01
5.055900253150210e-03	2.022598e-01
5.061317576068792e-03	1.936643e-01
5.064489879982682e-03	1.887120e-01
5.067756906105841e-03	1.836702e-01
5.070406380529815e-03	1.796201e-01
5.073408070501726e-03	1.750815e-01
5.078443633906238e-03	1.675595e-01
5.083326621320050e-03	1.603836e-01
5.091552927525338e-03	1.485507e-01
5.101318552525338e-03	1.348483e-01
5.111084177525337e-03	1.215291e-01
5.130615427525337e-03	9.602790e-02
5.140381052525337e-03	8.381645e-02
5.159912302525336e-03	6.040375e-02
5.169677927525336e-03	4.917727e-02
5.179443552525336e-03	3.825493e-02
5.189209177525336e-03	2.762560e-02
5.198974802525336e-03	1.727869e-02
5.208740427525335e-03	7.204134e-03
5.218506052525335e-03	-2.607666e-03
5.228271677525335e-03	-1.216585e-02
5.238037302525335e-03	-2.147914e-02
5.247802927525335e-03	-3.055585e-02
5.257568552525334e-03	-3.940389e-02
5.267334177525334e-03	-4.803085e-02
5.277099802525334e-03	-5.644393e-02
5.286865427525334e-03	-6.465006e-02
5.296631052525333e-03	-7.265581e-02
5.307617380650333e-03	-8.147494e-02
5.310058786900333e-03	-8.339204e-02
5.310669138462834e-03	-8.386974e-02
5.311889841587833e-03	-8.482213e-02
5.312766314048856e-03	-8.550467e-02
5.313236294165085e-03	-8.586992e-02
5.313499677384525e-03	-8.607428e-02
5.313521078799953e-03	-8.609086e-02
5.313563881630807e-03	-8.612399e-02
5.313649487292516e-03	-8.619021e-02
5.313733671024535e-03	-8.625531e-02
5.313821572131196e-03	-8.632327e-02
5.313947886260662e-03	-8.642087e-02
5.314200514519595e-03	-8.661590e-02
5.314705771037460e-03	-8.700517e-02
5.315716284073190e-03	-8.778045e-02
5.317737310144651e-03	-8.931730e-02
5.321779362287571e-03	-9.233385e-02
5.329376059685407e-03	-9.781306e-02
5.339141684685407e-03	-1.044749e-01
5.348907309685407e-03	-1.105193e-01
5.358672934685406e-03	-1.153625e-01
5.368438559685406e-03	-1.177579e-01
5.377593808461271e-03	-1.158897e-01
5.387359433461271e-03	-1.088872e-01
5.392184940595205e-03	-1.034476e-01
5.398641008961735e-03	-9.488580e-02
5.403087487545304e-03	-8.891755e-02
5.408309539374902e-03	-8.197111e-02
5.418075164374901e-03	-6.910294e-02
5.419063369420485e-03	-6.781320e-02
5.421039779511651e-03	-6.525165e-02
5.421045902590802e-03	-6.524373e-02
5.421058148749104e-03	-6.522790e-02
5.421082641065707e-03	-6.519625e-02
5.421131625698915e-03	-6.513297e-02
5.421229594965328e-03	-6.500644e-02
5.421425533498156e-03	-6.475352e-02
5.421817410563812e-03	-6.424829e-02
5.422513718010454e-03	-6.335204e-02
5.423187276557327e-03	-6.248694e-02
5.423945908245549e-03	-6.151535e-02
5.425148552731901e-03	-5.998100e-02
5.426991015662270e-03	-5.764402e-02
5.429992271486930e-03	-5.387375e-02
5.435271687285182e-03	-4.735195e-02
5.445037312285182e-03	-3.556661e-02
5.454802937285182e-03	-2.411632e-02
5.464568562285181e-03	-1.303090e-02
5.474334187285181e-03	-2.294704e-03
5.484099812285181e-03	8.107087e-03
5.493865437285181e-03	1.818851e-02
5.503631062285181e-03	2.796288e-02
5.513396687285180e-03	3.744280e-02
5.523162312285180e-03	4.664025e-02
5.532927937285180e-03	5.556658e-02
5.542693562285180e-03	6.423257e-02
5.552459187285180e-03	7.264842e-02
5.562224812285179e-03	8.082386e-02
5.571990437285179e-03	8.876811e-02
5.581756062285179e-03	9.648994e-02
5.591521687285179e-03	1.039977e-01
5.601287312285179e-03	1.112993e-01
5.611052937285178e-03	1.184022e-01
5.620818562285178e-03	1.253137e-01
5.630584187285178e-03	1.320406e-01
5.640349812285178e-03	1.385893e-01
5.650115437285178e-03	1.449662e-01
5.659881062285177e-03	1.511770e-01
5.669646687285177e-03	1.572275e-01
5.679412312285177e-03	1.631229e-01
5.689177937285177e-03	1.688685e-01
5.698943562285176e-03	1.744691e-01
5.708709187285176e-03	1.799295e-01
5.718474812285176e-03	1.852540e-01
5.728240437285176e-03	1.904469e-01
5.738006062285176e-03	1.955125e-01
5.747771687285175e-03	2.004545e-01
5.757537312285175e-03	2.052767e-01
5.767302937285175e-03	2.099827e-01
5.777068562285175e-03	2.145759e-01
5.786834187285175e-03	2.190597e-01
5.796599812285174e-03	2.234372e-01
5.806365437285174e-03	2.277115e-01
5.816131062285174e-03	2.318854e-01
5.825896687285174e-03	2.359618e-01
5.835662312285174e-03	2.399433e-01
5.845427937285173e-03	2.438326e-01
5.855193562285173e-03	2.476321e-01
5.864959187285173e-03	2.513443e-01
5.874724812285173e-03	2.549713e-01
5.884490437285173e-03	2.585156e-01
5.894256062285172e-03	2.619791e-01
5.904021687285172e-03	2.653641e-01
5.913787312285172e-03	2.686723e-01
5.923552937285172e-03	2.719059e-01
5.933318562285171e-03	2.750666e-01
5.943084187285171e-03	2.781563e-01
5.952849812285171e-03	2.811766e-01
5.962615437285171e-03	2.841454e-01
5.962768025175796e-03	2.841913e-01
5.963073200957045e-03	2.842824e-01
5.963683552519546e-03	2.844644e-01
5.964022268272260e-03	2.845653e-01
5.964209685619470e-03	2.846211e-01
5.964332145537627e-03	2.846574e-01
5.964403084912978e-03	2.846783e-01
5.964486015017091e-03	2.847028e-01
5.964567994521456e-03	2.847270e-01
5.964667277591568e-03	2.847562e-01
5.964865843731791e-03	2.848146e-01
5.965262976012237e-03	2.849309e-01
5.966057240573129e-03	2.851616e-01
5.967645769694912e-03	2.856149e-01
5.970822827938478e-03	2.864803e-01
5.977176944425611e-03	2.879713e-01
5.986942569425611e-03	2.894536e-01
5.993756292897140e-03	2.890998e-01
6.000530740387013e-03	2.861645e-01
6.006704628015562e-03	2.805667e-01
6.010062527267488e-03	2.759928e-01
6.012641989860758e-03	2.717325e-01
6.015917138344345e-03	2.660466e-01
6.018359690750819e-03	2.617863e-01
6.021544478799523e-03	2.562469e-01
6.027914054896929e-03	2.452068e-01
6.029134758021928e-03	2.430992e-01
6.029439933803178e-03	2.425738e-01
6.030050285365678e-03	2.415240e-01
6.031270988490678e-03	2.394262e-01
6.031273697376992e-03	2.394215e-01
6.031279115149620e-03	2.394122e-01
6.031289950694875e-03	2.393937e-01
6.031311621785385e-03	2.393565e-01
6.031354963966404e-03	2.392821e-01
6.031441648328443e-03	2.391334e-01
6.031615017052522e-03	2.388362e-01
6.031836843598255e-03	2.384561e-01
6.032097912207044e-03	2.380092e-01
6.032421031101559e-03	2.374565e-01
6.032815305699759e-03	2.367831e-01
6.033419781219124e-03	2.357525e-01
6.034329675148525e-03	2.342055e-01
6.035808351856167e-03	2.317027e-01
6.038303391472821e-03	2.275133e-01
6.043293470706130e-03	2.192455e-01
6.050832047732910e-03	2.070012e-01
6.060597672732909e-03	1.914704e-01
6.064541382520040e-03	1.853249e-01
6.068767594963134e-03	1.788457e-01
6.071286781440607e-03	1.750267e-01
6.074863150861512e-03	1.696755e-01
6.081270784871697e-03	1.602234e-01
6.087120780189120e-03	1.517621e-01
6.096886405189120e-03	1.379767e-01
6.116417655189120e-03	1.115189e-01
6.135948905189119e-03	8.655553e-02
6.145714530189119e-03	7.459831e-02
6.165245780189119e-03	5.166701e-02
6.175011405189119e-03	4.066857e-02
6.184777030189118e-03	2.996633e-02
6.194542655189118e-03	1.954955e-02
6.204308280189118e-03	9.407991e-03
6.214073905189118e-03	-4.680850e-04
6.223839530189118e-03	-1.008796e-02
6.233605155189117e-03	-1.946049e-02
6.243370780189117e-03	-2.859410e-02
6.253136405189117e-03	-3.749684e-02
6.262902030189117e-03	-4.617639e-02
6.272667655189117e-03	-5.464008e-02
6.282433280189116e-03	-6.289491e-02
6.292198905189116e-03	-7.094757e-02
6.301964530189116e-03	-7.880443e-02
6.311730155189116e-03	-8.651683e-02
6.312187918860990e-03	-8.687221e-02
6.312798270423491e-03	-8.734448e-02
6.313481197128750e-03	-8.787209e-02
6.314362909837491e-03	-8.855209e-02
6.314908931756829e-03	-8.897261e-02
6.314932864444340e-03	-8.899103e-02
6.314980729819360e-03	-8.902783e-02
6.315064441268284e-03	-8.909217e-02
6.315141140300335e-03	-8.915108e-02
6.315218611700498e-03	-8.921051e-02
6.315271902786220e-03	-8.925136e-02
6.315335754589589e-03	-8.930028e-02
6.315420911585189e-03	-8.936550e-02
6.315514116388834e-03	-8.943687e-02
6.315700525996125e-03	-8.957952e-02
6.316073345210706e-03	-8.986439e-02
6.316818983639868e-03	-9.043240e-02
6.318310260498194e-03	-9.156115e-02
6.321292814214844e-03	-9.378769e-02
6.327257921648144e-03	-9.812136e-02
6.336484498521549e-03	-1.045258e-01
6.346250123521549e-03	-1.108091e-01
6.356015748521549e-03	-1.162042e-01
6.365781373521549e-03	-1.198777e-01
6.374332671234267e-03	-1.202166e-01
6.383246980285312e-03	-1.164953e-01
6.389368223323541e-03	-1.111395e-01
6.393504531088228e-03	-1.061464e-01
6.399091963156723e-03	-9.868767e-02
6.402891055121296e-03	-9.356660e-02
6.407887290754686e-03	-8.688429e-02
6.417652915754686e-03	-7.393593e-02
6.418873618879686e-03	-7.233266e-02
6.421315025129686e-03	-6.915000e-02
6.421925376692186e-03	-6.835680e-02
6.423146079817186e-03	-6.677456e-02
6.423365741123070e-03	-6.649026e-02
6.423805063734838e-03	-6.592266e-02
6.424579351446517e-03	-6.492364e-02
6.425020411319086e-03	-6.435551e-02
6.425463909991738e-03	-6.378528e-02
6.425980398191245e-03	-6.312245e-02
6.426790877208435e-03	-6.208485e-02
6.427863100219269e-03	-6.071689e-02
6.429509747058452e-03	-5.862711e-02
6.432142783094555e-03	-5.531361e-02
6.436738368910373e-03	-4.961683e-02
6.445730071072588e-03	-3.871070e-02
6.455495696072588e-03	-2.718818e-02
6.465261321072588e-03	-1.602530e-02
6.475026946072588e-03	-5.214046e-03
6.484792571072587e-03	5.260487e-03
6.494558196072587e-03	1.541244e-02
6.504323821072587e-03	2.525522e-02
6.514089446072587e-03	3.480153e-02
6.523855071072586e-03	4.406342e-02
6.533620696072586e-03	5.305232e-02
6.543386321072586e-03	6.177908e-02
6.553151946072586e-03	7.025400e-02
6.562917571072586e-03	7.848684e-02
6.572683196072585e-03	8.648692e-02
6.582448821072585e-03	9.426305e-02
6.592214446072585e-03	1.018236e-01
6.601980071072585e-03	1.091766e-01
6.611745696072585e-03	1.163296e-01
6.621511321072584e-03	1.232899e-01
6.631276946072584e-03	1.300642e-01
6.641042571072584e-03	1.366592e-01
6.650808196072584e-03	1.430812e-01
6.660573821072584e-03	1.493360e-01
6.670339446072583e-03	1.554293e-01
6.680105071072583e-03	1.613665e-01
6.689870696072583e-03	1.671529e-01
6.699636321072583e-03	1.727933e-01
6.709401946072583e-03	1.782925e-01
6.719167571072582e-03	1.836549e-01
6.728933196072582e-03	1.888849e-01
6.738698821072582e-03	1.939866e-01
6.748464446072582e-03	1.989639e-01
6.758230071072581e-03	2.038206e-01
6.767995696072581e-03	2.085604e-01
6.777761321072581e-03	2.131866e-01
6.787526946072581e-03	2.177026e-01
6.797292571072581e-03	2.221116e-01
6.807058196072580e-03	2.264166e-01
6.816823821072580e-03	2.306207e-01
6.826589446072580e-03	2.347265e-01
6.836355071072580e-03	2.387368e-01
6.846120696072580e-03	2.426543e-01
6.855886321072579e-03	2.464814e-01
6.865651946072579e-03	2.502205e-01
6.875417571072579e-03	2.538740e-01
6.885183196072579e-03	2.574441e-01
6.894948821072579e-03	2.609330e-01
6.904714446072578e-03	2.643427e-01
6.914480071072578e-03	2.676753e-01
6.924245696072578e-03	2.709326e-01
6.934011321072578e-03	2.741166e-01
6.943776946072578e-03	2.772290e-01
6.953542571072577e-03	2.802794e-01
6.958842532813781e-03	2.819109e-01
6.959300296485655e-03	2.820502e-01
6.959910648048156e-03	2.822355e-01
6.961131351173155e-03	2.826053e-01
6.961852503342503e-03	2.828235e-01
6.961899048447155e-03	2.828375e-01
6.961992138656458e-03	2.828656e-01
6.962070873853366e-03	2.828894e-01
6.962150174575918e-03	2.829132e-01
6.962214142893716e-03	2.829324e-01
6.962283683027828e-03	2.829533e-01
6.962351818858925e-03	2.829736e-01
6.962431277221312e-03	2.829974e-01
6.962549790748538e-03	2.830328e-01
6.962786817802991e-03	2.831034e-01
6.963260871911897e-03	2.832440e-01
6.964208980129708e-03	2.835228e-01
6.966105196565330e-03	2.840688e-01
6.969897629436576e-03	2.851003e-01
6.977482495179066e-03	2.868278e-01
6.987248120179066e-03	2.881044e-01
6.993832071367890e-03	2.873823e-01
7.001027373282567e-03	2.834379e-01
7.007793288814689e-03	2.762831e-01
7.010959713169287e-03	2.715455e-01
7.014722203481141e-03	2.650965e-01
7.017695607211206e-03	2.599235e-01
7.020950156550089e-03	2.542731e-01
7.026732711603778e-03	2.442670e-01
7.027655416211699e-03	2.426765e-01
7.029500825427543e-03	2.395055e-01
7.029962177731504e-03	2.387140e-01
7.030417774431015e-03	2.379334e-01
7.030685673437242e-03	2.374747e-01
7.030909977229741e-03	2.370910e-01
7.031164640417531e-03	2.366558e-01
7.031428523894873e-03	2.362053e-01
7.031819743196520e-03	2.355381e-01
7.032372924162332e-03	2.345963e-01
7.033217190626585e-03	2.331627e-01
7.034549299184061e-03	2.309098e-01
7.036816406255574e-03	2.271035e-01
7.041350620398601e-03	2.195854e-01
7.048629733213385e-03	2.077450e-01
7.058395358213385e-03	1.921894e-01
7.062896959681241e-03	1.851609e-01
7.066337332330632e-03	1.798762e-01
7.069016782393290e-03	1.758045e-01
7.072063104201575e-03	1.712237e-01
7.076325788177532e-03	1.648902e-01
7.081684371020601e-03	1.570500e-01
7.088905190716428e-03	1.466987e-01
7.098670815716428e-03	1.330381e-01
7.118202065716428e-03	1.068451e-01
7.137733315716427e-03	8.212782e-02
7.147498940716427e-03	7.028719e-02
7.157264565716427e-03	5.877441e-02
7.167030190716427e-03	4.757717e-02
7.176795815716426e-03	3.668375e-02
7.186561440716426e-03	2.608305e-02
7.196327065716426e-03	1.576446e-02
7.206092690716426e-03	5.717910e-03
7.215858315716426e-03	-4.066214e-03
7.225623940716425e-03	-1.359706e-02
7.235389565716425e-03	-2.288334e-02
7.245155190716425e-03	-3.193337e-02
7.254920815716425e-03	-4.075509e-02
7.264686440716425e-03	-4.935605e-02
7.274452065716424e-03	-5.774351e-02
7.284217690716424e-03	-6.592435e-02
7.293983315716424e-03	-7.390516e-02
7.303748940716424e-03	-8.169226e-02
7.313667153607048e-03	-8.945434e-02
7.313972329388298e-03	-8.968864e-02
7.314582680950798e-03	-9.015658e-02
7.315803384075798e-03	-9.109085e-02
7.316407882733160e-03	-9.155259e-02
7.316748387292999e-03	-9.181200e-02
7.317067691450346e-03	-9.205471e-02
7.317253682220689e-03	-9.219590e-02
7.317378364899055e-03	-9.229048e-02
7.317493645793643e-03	-9.237789e-02
7.317612622584773e-03	-9.246805e-02
7.317773900459021e-03	-9.259015e-02
7.318096456207518e-03	-9.283406e-02
7.318741567704510e-03	-9.332052e-02
7.320031790698497e-03	-9.428797e-02
7.322612236686468e-03	-9.619969e-02
7.327773128662412e-03	-9.992413e-02
7.337538753662411e-03	-1.066643e-01
7.347304378662411e-03	-1.129158e-01
7.357070003662411e-03	-1.182842e-01
7.366835628662411e-03	-1.219560e-01
7.375406077432492e-03	-1.223302e-01
7.384341379301146e-03	-1.186524e-01
7.390603909204284e-03	-1.132036e-01
7.394793290032939e-03	-1.081525e-01
7.400469734155561e-03	-1.005616e-01
7.404366282963472e-03	-9.529778e-02
7.409386048206232e-03	-8.857032e-02
7.419151673206232e-03	-7.558858e-02
7.419170746692560e-03	-7.556342e-02
7.419208893665217e-03	-7.551333e-02
7.419285187610529e-03	-7.541317e-02
7.419437775501154e-03	-7.521292e-02
7.419742951282404e-03	-7.481267e-02
7.420353302844904e-03	-7.401323e-02
7.421574005969904e-03	-7.241860e-02
7.424015412219904e-03	-6.923874e-02
7.424625763782404e-03	-6.844648e-02
7.425846466907404e-03	-6.686632e-02
7.426151642688654e-03	-6.647195e-02
7.426761994251154e-03	-6.568468e-02
7.427432175057317e-03	-6.482144e-02
7.427806643080974e-03	-6.433994e-02
7.428307941402710e-03	-6.369649e-02
7.428860457295992e-03	-6.298865e-02
7.429679128200261e-03	-6.194250e-02
7.430802811507888e-03	-6.051173e-02
7.432515778461858e-03	-5.834249e-02
7.435261906356934e-03	-5.489536e-02
7.440064030350805e-03	-4.896159e-02
7.449554191358089e-03	-3.749474e-02
7.459319816358089e-03	-2.602181e-02
7.469085441358088e-03	-1.491042e-02
7.478851066358088e-03	-4.147742e-03
7.488616691358088e-03	6.280976e-03
7.498382316358088e-03	1.638971e-02
7.508147941358088e-03	2.619171e-02
7.517913566358087e-03	3.569953e-02
7.527679191358087e-03	4.492510e-02
7.537444816358087e-03	5.387971e-02
7.547210441358087e-03	6.257409e-02
7.556976066358087e-03	7.101843e-02
7.566741691358086e-03	7.922240e-02
7.576507316358086e-03	8.719520e-02
7.586272941358086e-03	9.494554e-02
7.596038566358086e-03	1.024818e-01
7.605804191358085e-03	1.098117e-01
7.615569816358085e-03	1.169429e-01
7.625335441358085e-03	1.238826e-01
7.635101066358085e-03	1.306375e-01
7.644866691358085e-03	1.372140e-01
7.654632316358084e-03	1.436185e-01
7.664397941358084e-03	1.498568e-01
7.674163566358084e-03	1.559345e-01
7.683929191358084e-03	1.618569e-01
7.693694816358084e-03	1.676293e-01
7.703460441358083e-03	1.732564e-01
7.713226066358083e-03	1.787430e-01
7.722991691358083e-03	1.840934e-01
7.732757316358083e-03	1.893121e-01
7.742522941358083e-03	1.944030e-01
7.752288566358082e-03	1.993701e-01
7.762054191358082e-03	2.042171e-01
7.771819816358082e-03	2.089476e-01
7.781585441358082e-03	2.135651e-01
7.791351066358082e-03	2.180728e-01
7.801116691358081e-03	2.224738e-01
7.810882316358081e-03	2.267714e-01
7.820647941358082e-03	2.309682e-01
7.830413566358082e-03	2.350672e-01
7.840179191358081e-03	2.390711e-01
7.849944816358081e-03	2.429823e-01
7.859710441358081e-03	2.468035e-01
7.869476066358081e-03	2.505370e-01
7.879241691358081e-03	2.541852e-01
7.889007316358080e-03	2.577502e-01
7.898772941358080e-03	2.612341e-01
7.908538566358080e-03	2.646391e-01
7.918304191358080e-03	2.679672e-01
7.928069816358079e-03	2.712203e-01
7.937835441358079e-03	2.744001e-01
7.947601066358079e-03	2.775087e-01
7.957385764844407e-03	2.805704e-01
7.957957969434252e-03	2.807462e-01
7.958568320996751e-03	2.809335e-01
7.959068265559827e-03	2.810868e-01
7.959469209013475e-03	2.812096e-01
7.959776748721940e-03	2.813036e-01
7.959928969358571e-03	2.813500e-01
7.960078187554996e-03	2.813954e-01
7.960152190132309e-03	2.814179e-01
7.960225822058138e-03	2.814402e-01
7.960302457733338e-03	2.814634e-01
7.960455729083736e-03	2.815098e-01
7.960762271784532e-03	2.816022e-01
7.961375357186126e-03	2.817862e-01
7.962601527989313e-03	2.821500e-01
7.965053869595689e-03	2.828584e-01
7.969958552808439e-03	2.841624e-01
7.979724177808439e-03	2.861433e-01
7.989489802808438e-03	2.866487e-01
7.996464508235029e-03	2.846263e-01
8.003696120402349e-03	2.791165e-01
8.007558727078310e-03	2.743174e-01
8.010209187697018e-03	2.700868e-01
8.014076308479987e-03	2.634314e-01
8.016705187500243e-03	2.588663e-01
8.019972558013795e-03	2.532059e-01
8.026507299040900e-03	2.419247e-01
8.027555813288380e-03	2.401224e-01
8.029652841783341e-03	2.365301e-01
8.029659736699672e-03	2.365184e-01
8.029673526532333e-03	2.364948e-01
8.029701106197653e-03	2.364476e-01
8.029756265528296e-03	2.363534e-01
8.029866584189580e-03	2.361650e-01
8.030087221512151e-03	2.357883e-01
8.030419291096019e-03	2.352221e-01
8.030890081880645e-03	2.344202e-01
8.031426633385710e-03	2.335079e-01
8.032173242749343e-03	2.322416e-01
8.033413793486618e-03	2.301454e-01
8.035453880977733e-03	2.267199e-01
8.039197487249180e-03	2.205062e-01
8.046425006033099e-03	2.087222e-01
8.055603531307892e-03	1.940647e-01
8.061290117474274e-03	1.851664e-01
8.064533449498298e-03	1.801776e-01
8.067882540788076e-03	1.750877e-01
8.070799021981665e-03	1.706990e-01
8.073915799954907e-03	1.660612e-01
8.078879380679005e-03	1.587657e-01
8.083717845420363e-03	1.517653e-01
8.091216203071657e-03	1.411335e-01
8.100290198132441e-03	1.285689e-01
8.110055823132440e-03	1.154101e-01
8.129587073132440e-03	9.020143e-02
8.139352698132440e-03	7.812972e-02
8.158883948132439e-03	5.498431e-02
8.168649573132439e-03	4.388573e-02
8.178415198132439e-03	3.308764e-02
8.188180823132439e-03	2.257908e-02
8.197946448132439e-03	1.234959e-02
8.207712073132438e-03	2.389231e-03
8.217477698132438e-03	-7.311474e-03
8.227243323132438e-03	-1.676155e-02
8.237008948132438e-03	-2.596960e-02
8.246774573132437e-03	-3.494383e-02
8.256540198132437e-03	-4.369206e-02
8.266305823132437e-03	-5.222177e-02
8.276071448132437e-03	-6.054009e-02
8.285837073132437e-03	-6.865384e-02
8.295602698132436e-03	-7.656952e-02
8.305368323132436e-03	-8.429337e-02
8.315133948132436e-03	-9.187561e-02
8.315591711804311e-03	-9.222502e-02
8.316202063366810e-03	-9.268931e-02
8.316988250858779e-03	-9.328651e-02
8.317556140441577e-03	-9.371725e-02
8.317854460247912e-03	-9.394319e-02
8.318025199248758e-03	-9.407228e-02
8.318153096351661e-03	-9.416883e-02
8.318264772450535e-03	-9.425306e-02
8.318354425837466e-03	-9.432064e-02
8.318449317461592e-03	-9.439215e-02
8.318622503939426e-03	-9.452257e-02
8.318950088757630e-03	-9.476894e-02
8.319605258394038e-03	-9.526034e-02
8.320915597666853e-03	-9.623756e-02
8.323536276212486e-03	-9.816829e-02
8.328777633303750e-03	-1.019383e-01
8.337039462549305e-03	-1.076389e-01
8.346805087549305e-03	-1.139289e-01
8.356570712549305e-03	-1.194395e-01
8.366336337549305e-03	-1.234607e-01
8.374887121557246e-03	-1.244136e-01
8.383894099137609e-03	-1.214335e-01
8.391028982209886e-03	-1.157240e-01
8.395483240733727e-03	-1.105174e-01
8.401698820689562e-03	-1.022329e-01
8.406179845554093e-03	-9.617165e-02
8.411245104815432e-03	-8.937015e-02
8.419777963561886e-03	-7.806554e-02
8.429543588561886e-03	-6.529151e-02
8.429664859082900e-03	-6.513464e-02
8.429907400124927e-03	-6.482300e-02
8.430392482208979e-03	-6.420042e-02
8.430937592144656e-03	-6.350219e-02
8.432027812016006e-03	-6.210990e-02
8.433437821640910e-03	-6.031636e-02
8.435073014341075e-03	-5.824852e-02
8.437825580856028e-03	-5.479835e-02
8.442492299696902e-03	-4.903835e-02
8.451825737378649e-03	-3.777024e-02
8.461591362378649e-03	-2.630334e-02
8.471356987378649e-03	-1.519557e-02
8.481122612378648e-03	-4.435689e-03
8.490888237378648e-03	5.990974e-03
8.500653862378648e-03	1.609834e-02
8.510419487378648e-03	2.589962e-02
8.520185112378648e-03	3.540732e-02
8.529950737378647e-03	4.463330e-02
8.539716362378647e-03	5.358883e-02
8.549481987378647e-03	6.228460e-02
8.559247612378647e-03	7.073075e-02
8.569013237378647e-03	7.893693e-02
8.578778862378646e-03	8.691227e-02
8.588544487378646e-03	9.466551e-02
8.598310112378646e-03	1.022049e-01
8.608075737378646e-03	1.095383e-01
8.617841362378646e-03	1.166733e-01
8.627606987378645e-03	1.236168e-01
8.637372612378645e-03	1.303758e-01
8.647138237378645e-03	1.369568e-01
8.656903862378645e-03	1.433657e-01
8.666669487378644e-03	1.496086e-01
8.676435112378644e-03	1.556911e-01
8.686200737378644e-03	1.616184e-01
8.695966362378644e-03	1.673957e-01
8.705731987378644e-03	1.730279e-01
8.715497612378643e-03	1.785196e-01
8.725263237378643e-03	1.838752e-01
8.735028862378643e-03	1.890991e-01
8.744794487378643e-03	1.941953e-01
8.754560112378643e-03	1.991678e-01
8.764325737378642e-03	2.040201e-01
8.774091362378642e-03	2.087560e-01
8.783856987378642e-03	2.133788e-01
8.793622612378642e-03	2.178919e-01
8.803388237378642e-03	2.222983e-01
8.813153862378641e-03	2.266012e-01
8.822919487378641e-03	2.308034e-01
8.832685112378641e-03	2.349077e-01
8.842450737378641e-03	2.389169e-01
8.852216362378641e-03	2.428334e-01
8.861981987378640e-03	2.466598e-01
8.871747612378640e-03	2.503985e-01
8.881513237378640e-03	2.540519e-01
8.891278862378640e-03	2.576219e-01
8.901044487378639e-03	2.611110e-01
8.910810112378639e-03	2.645211e-01
8.920575737378639e-03	2.678542e-01
8.930341362378639e-03	2.711121e-01
8.940106987378639e-03	2.742969e-01
8.949872612378638e-03	2.774253e-01
8.951093315503639e-03	2.778110e-01
8.953534721753639e-03	2.785756e-01
8.955316756210429e-03	2.791316e-01
8.956751968408764e-03	2.795778e-01
8.957510327067056e-03	2.798128e-01
8.957940857622483e-03	2.799457e-01
8.958336220216329e-03	2.800672e-01
8.958481539350933e-03	2.801118e-01
8.958575419921571e-03	2.801405e-01
8.958656658176503e-03	2.801653e-01
8.958744633890537e-03	2.801922e-01
8.958865096890294e-03	2.802289e-01
8.958991636572449e-03	2.802675e-01
8.959209204526876e-03	2.803336e-01
8.959644340435727e-03	2.804655e-01
8.960514612253433e-03	2.807274e-01
8.962255155888842e-03	2.812423e-01
8.965736243159663e-03	2.822286e-01
8.972698417701304e-03	2.839735e-01
8.982464042701303e-03	2.856872e-01
8.990108485510876e-03	2.856435e-01
8.996929659490746e-03	2.831592e-01
9.003506265378469e-03	2.777050e-01
9.007119287358799e-03	2.730353e-01
9.009725172811343e-03	2.688293e-01
9.013330427535880e-03	2.626200e-01
9.015694264769298e-03	2.585181e-01
9.018989788360359e-03	2.528136e-01
9.025580835542482e-03	2.414452e-01
9.026801538667483e-03	2.393479e-01
9.027106714448733e-03	2.388251e-01
9.027717066011232e-03	2.377804e-01
9.028710629745850e-03	2.360811e-01
9.028730128164603e-03	2.360478e-01
9.028769125002110e-03	2.359812e-01
9.028847118677125e-03	2.358480e-01
9.029003106027155e-03	2.355817e-01
9.029161083913950e-03	2.353121e-01
9.029375455589028e-03	2.349465e-01
9.029631900220469e-03	2.345096e-01
9.029887600301996e-03	2.340742e-01
9.030267251361360e-03	2.334287e-01
9.030803941934142e-03	2.325175e-01
9.031617655440756e-03	2.311395e-01
9.032903148651454e-03	2.289710e-01
9.035058835175224e-03	2.253600e-01
9.039370208222765e-03	2.182249e-01
9.046589513315552e-03	2.065005e-01
9.056355138315552e-03	1.909764e-01
9.061669389555231e-03	1.826990e-01
9.064788999714673e-03	1.779229e-01
9.068155429088003e-03	1.728297e-01
9.071347683327699e-03	1.680489e-01
9.074625518959181e-03	1.631968e-01
9.079724153996603e-03	1.557461e-01
9.084770649950781e-03	1.484896e-01
9.092260625024114e-03	1.379378e-01
9.101376912539311e-03	1.253973e-01
9.111142537539311e-03	1.123245e-01
9.130673787539310e-03	8.727966e-02
9.140439412539310e-03	7.528558e-02
9.159970662539310e-03	5.228756e-02
9.169736287539310e-03	4.125896e-02
9.179501912539309e-03	3.052853e-02
9.189267537539309e-03	2.008541e-02
9.199033162539309e-03	9.919238e-03
9.208798787539309e-03	2.017158e-05
9.218564412539309e-03	-9.621174e-03
9.228330037539308e-03	-1.901374e-02
9.238095662539308e-03	-2.816605e-02
9.247861287539308e-03	-3.708624e-02
9.257626912539308e-03	-4.578205e-02
9.267392537539308e-03	-5.426090e-02
9.277158162539307e-03	-6.252985e-02
9.286923787539307e-03	-7.059567e-02
9.296689412539307e-03	-7.846478e-02
9.306455037539307e-03	-8.614337e-02
9.316373250429931e-03	-9.379766e-02
9.316678426211181e-03	-9.402872e-02
9.317288777773680e-03	-9.449019e-02
9.318509480898681e-03	-9.541158e-02
9.318987645952018e-03	-9.577177e-02
9.319282069086521e-03	-9.599307e-02
9.319309772147578e-03	-9.601386e-02
9.319365178269692e-03	-9.605539e-02
9.319475990513922e-03	-9.613843e-02
9.319697615002379e-03	-9.630440e-02
9.319902989568083e-03	-9.645807e-02
9.320313738699491e-03	-9.676486e-02
9.321135236962305e-03	-9.737629e-02
9.322778233487936e-03	-9.859021e-02
9.326064226539196e-03	-1.009797e-01
9.332636212641717e-03	-1.056172e-01
9.341770167942640e-03	-1.117454e-01
9.351535792942640e-03	-1.177543e-01
9.361301417942640e-03	-1.227414e-01
9.371067042942639e-03	-1.255629e-01
9.380832667942639e-03	-1.244336e-01
9.390218137350309e-03	-1.186928e-01
9.395352601086161e-03	-1.132788e-01
9.400061961241688e-03	-1.071404e-01
9.405136330006720e-03	-1.002680e-01
9.410310091753259e-03	-9.328035e-02
9.416005030892242e-03	-8.567378e-02
9.425770655892242e-03	-7.277264e-02
9.426991359017242e-03	-7.117757e-02
9.429432765267242e-03	-6.801333e-02
9.430043116829741e-03	-6.722490e-02
9.431263819954742e-03	-6.565228e-02
9.431353369141027e-03	-6.553707e-02
9.431532467513598e-03	-6.530692e-02
9.431890664258740e-03	-6.484710e-02
9.432607057749025e-03	-6.392869e-02
9.433053516865379e-03	-6.335733e-02
9.433644032022364e-03	-6.260311e-02
9.434265561566289e-03	-6.181106e-02
9.435272393352134e-03	-6.053191e-02
9.436642540464097e-03	-5.879879e-02
9.438814763027221e-03	-5.606980e-02
9.442336107387712e-03	-5.169677e-02
9.449038747425694e-03	-4.352544e-02
9.458804372425694e-03	-3.191015e-02
9.468569997425694e-03	-2.063443e-02
9.478335622425694e-03	-9.713233e-03
9.488101247425693e-03	8.684622e-04
9.497866872425693e-03	1.112489e-02
9.507632497425693e-03	2.106956e-02
9.517398122425693e-03	3.071525e-02
9.527163747425692e-03	4.007410e-02
9.536929372425692e-03	4.915762e-02
9.546694997425692e-03	5.797673e-02
9.556460622425692e-03	6.654181e-02
9.566226247425692e-03	7.486270e-02
9.575991872425691e-03	8.294877e-02
9.585757497425691e-03	9.080891e-02
9.595523122425691e-03	9.845154e-02
9.605288747425691e-03	1.058847e-01
9.615054372425691e-03	1.131161e-01
9.624819997425690e-03	1.201530e-01
9.634585622425690e-03	1.270023e-01
9.644351247425690e-03	1.336706e-01
9.654116872425690e-03	1.401642e-01
9.663882497425690e-03	1.464890e-01
9.673648122425689e-03	1.526509e-01
9.683413747425689e-03	1.586553e-01
9.693179372425689e-03	1.645073e-01
9.702944997425689e-03	1.702119e-01
9.712710622425689e-03	1.757740e-01
9.722476247425688e-03	1.811980e-01
9.732241872425688e-03	1.864882e-01
9.742007497425688e-03	1.916489e-01
9.751773122425688e-03	1.966840e-01
9.761538747425687e-03	2.015973e-01
9.771304372425687e-03	2.063924e-01
9.781069997425687e-03	2.110729e-01
9.790835622425687e-03	2.156420e-01
9.800601247425687e-03	2.201031e-01
9.810366872425686e-03	2.244592e-01
9.820132497425686e-03	2.287132e-01
9.829898122425686e-03	2.328680e-01
9.839663747425686e-03	2.369263e-01
9.849429372425686e-03	2.408908e-01
9.859194997425685e-03	2.447640e-01
9.868960622425685e-03	2.485483e-01
9.878726247425685e-03	2.522461e-01
9.888491872425685e-03	2.558596e-01
9.898257497425685e-03	2.593910e-01
9.908023122425684e-03	2.628424e-01
9.917788747425684e-03	2.662159e-01
9.927554372425684e-03	2.695133e-01
9.937319997425684e-03	2.727366e-01
9.947085622425684e-03	2.758943e-01
9.953140640408177e-03	2.778200e-01
9.955783615555261e-03	2.786493e-01
9.957330651230134e-03	2.791291e-01
9.957953898054409e-03	2.793206e-01
9.958324882000300e-03	2.794339e-01
9.958512618067631e-03	2.794911e-01
9.958640711902252e-03	2.795301e-01
9.958731674100402e-03	2.795577e-01
9.958828338154221e-03	2.795871e-01
9.958920355383863e-03	2.796150e-01
9.959047475815989e-03	2.796535e-01
9.959672209127675e-03	2.798420e-01
9.960505186876589e-03	2.800910e-01
9.962171142374417e-03	2.805809e-01
9.965503053370073e-03	2.815191e-01
9.972166875361383e-03	2.831749e-01
9.981932500361383e-03	2.848636e-01
9.989501333652050e-03	2.847914e-01
9.996340486202184e-03	2.827243e-01
1.000000000000000e-02	2.805478e-01