time	V(out)
0.000000000000000e+00	0.000000e+00
4.571428624850733e-07	8.204361e-06
9.142857249701465e-07	2.969756e-05
1.371428587455220e-06	6.447959e-05
1.828571449940293e-06	1.125504e-04
2.285714312425366e-06	1.739101e-04
2.742857174910440e-06	2.485587e-04
3.200000037395512e-06	3.364960e-04
6.287951360094050e-06	1.163898e-03
1.073667373974396e-05	3.037902e-03
1.744680444039807e-05	7.076124e-03
2.653011657095617e-05	1.412186e-02
3.629574157095618e-05	2.309590e-02
4.606136657095618e-05	3.304872e-02
5.582699157095618e-05	4.357151e-02
6.559261657095617e-05	5.436777e-02
7.535824157095617e-05	6.523483e-02
8.512386657095617e-05	7.602954e-02
9.488949157095616e-05	8.664672e-02
1.046551165709562e-04	9.700561e-02
1.241863665709562e-04	1.166998e-01
1.437176165709562e-04	1.347030e-01
1.632488665709562e-04	1.506985e-01
1.827801165709562e-04	1.644272e-01
2.023113665709562e-04	1.756768e-01
2.218426165709562e-04	1.842786e-01
2.413738665709563e-04	1.901076e-01
2.609051165709563e-04	1.930825e-01
2.804363665709563e-04	1.931645e-01
2.999676165709563e-04	1.903561e-01
3.194988665709563e-04	1.847001e-01
3.390301165709563e-04	1.762782e-01
3.585613665709563e-04	1.652114e-01
3.780926165709564e-04	1.516600e-01
3.976238665709564e-04	1.358220e-01
4.171551165709564e-04	1.179322e-01
4.366863665709564e-04	9.825806e-02
4.562176165709564e-04	7.709570e-02
4.757488665709564e-04	5.476475e-02
4.952801165709564e-04	3.160290e-02
5.148113665709564e-04	7.960450e-03
5.343426165709564e-04	-1.580520e-02
5.538738665709565e-04	-3.933488e-02
5.734051165709565e-04	-6.227300e-02
5.929363665709565e-04	-8.427270e-02
6.124676165709565e-04	-1.050010e-01
6.319988665709565e-04	-1.241437e-01
6.515301165709565e-04	-1.414108e-01
6.710613665709566e-04	-1.565408e-01
6.905926165709566e-04	-1.693060e-01
7.101238665709566e-04	-1.795162e-01
7.296551165709566e-04	-1.870221e-01
7.491863665709566e-04	-1.917170e-01
7.687176165709567e-04	-1.935371e-01
7.882488665709567e-04	-1.924604e-01
8.077801165709567e-04	-1.885057e-01
8.273113665709567e-04	-1.817314e-01
8.468426165709567e-04	-1.722349e-01
8.663738665709567e-04	-1.601529e-01
8.859051165709568e-04	-1.456610e-01
9.054363665709568e-04	-1.289724e-01
9.249676165709568e-04	-1.103351e-01
9.444988665709568e-04	-9.002871e-02
9.640301165709568e-04	-6.835946e-02
9.835613665709567e-04	-4.565482e-02
1.003092616570957e-03	-2.225820e-02
1.022623866570957e-03	1.476631e-03
1.042155116570957e-03	2.519091e-02
1.061686366570957e-03	4.852627e-02
1.081217616570957e-03	7.112999e-02
1.100748866570957e-03	9.266014e-02
1.120280116570957e-03	1.127907e-01
1.139811366570957e-03	1.312165e-01
1.159342616570957e-03	1.476584e-01
1.178873866570957e-03	1.618679e-01
1.198405116570957e-03	1.736317e-01
1.217936366570957e-03	1.827759e-01
1.237467616570957e-03	1.891679e-01
1.256998866570957e-03	1.927183e-01
1.276530116570957e-03	1.933800e-01
1.296061366570957e-03	1.911477e-01
1.315592616570957e-03	1.860559e-01
1.335123866570957e-03	1.781787e-01
1.354655116570957e-03	1.676294e-01
1.374186366570957e-03	1.545602e-01
1.393717616570957e-03	1.391619e-01
1.413248866570957e-03	1.216620e-01
1.432780116570957e-03	1.023219e-01
1.452311366570957e-03	8.143231e-02
1.471842616570957e-03	5.930856e-02
1.491373866570957e-03	3.628519e-02
1.510905116570957e-03	1.271041e-02
1.530436366570957e-03	-1.105934e-02
1.549967616570957e-03	-3.466486e-02
1.569498866570957e-03	-5.774940e-02
1.589030116570957e-03	-7.996393e-02
1.608561366570957e-03	-1.009723e-01
1.628092616570957e-03	-1.204562e-01
1.647623866570957e-03	-1.381203e-01
1.667155116570957e-03	-1.536971e-01
1.686686366570957e-03	-1.669517e-01
1.706217616570957e-03	-1.776862e-01
1.725748866570957e-03	-1.857429e-01
1.745280116570957e-03	-1.910065e-01
1.764811366570957e-03	-1.934046e-01
1.784342616570957e-03	-1.929071e-01
1.803873866570957e-03	-1.895246e-01
1.823405116570957e-03	-1.833076e-01
1.842936366570957e-03	-1.743458e-01
1.862467616570958e-03	-1.627681e-01
1.881998866570958e-03	-1.487424e-01
1.901530116570958e-03	-1.324743e-01
1.921061366570958e-03	-1.142053e-01
1.940592616570958e-03	-9.420903e-02
1.960123866570958e-03	-7.278676e-02
1.979655116570957e-03	-5.026216e-02
1.999186366570957e-03	-2.697588e-02
2.018717616570956e-03	-3.280075e-03
2.038248866570956e-03	2.046707e-02
2.057780116570956e-03	4.390669e-02
2.077311366570955e-03	6.668451e-02
2.096842616570955e-03	8.845604e-02
2.116373866570954e-03	1.088917e-01
2.135905116570954e-03	1.276817e-01
2.155436366570953e-03	1.445413e-01
2.174967616570953e-03	1.592155e-01
2.194498866570953e-03	1.714837e-01
2.214030116570952e-03	1.811637e-01
2.233561366570952e-03	1.881147e-01
2.253092616570951e-03	1.922385e-01
2.272623866570951e-03	1.934797e-01
2.292155116570951e-03	1.918247e-01
2.311686366570950e-03	1.873001e-01
2.331217616570950e-03	1.799722e-01
2.350748866570949e-03	1.699464e-01
2.370280116570949e-03	1.573671e-01
2.389811366570948e-03	1.424176e-01
2.409342616570948e-03	1.253182e-01
2.428873866570948e-03	1.063237e-01
2.448405116570947e-03	8.571949e-02
2.467936366570947e-03	6.381633e-02
2.487467616570946e-03	4.094539e-02
2.506998866570946e-03	1.745257e-02
2.526530116570946e-03	-6.306917e-03
2.546061366570945e-03	-2.997398e-02
2.565592616570945e-03	-5.319095e-02
2.585123866570944e-03	-7.560687e-02
2.604655116570944e-03	-9.688257e-02
2.624186366570943e-03	-1.166958e-01
2.643717616570943e-03	-1.347462e-01
2.663248866570943e-03	-1.507604e-01
2.682780116570942e-03	-1.644965e-01
2.702311366570942e-03	-1.757489e-01
2.721842616570941e-03	-1.843518e-01
2.741373866570941e-03	-1.901812e-01
2.760905116570941e-03	-1.931562e-01
2.780436366570940e-03	-1.932382e-01
2.799967616570940e-03	-1.904299e-01
2.819498866570939e-03	-1.847739e-01
2.839030116570939e-03	-1.763520e-01
2.858561366570938e-03	-1.652853e-01
2.878092616570938e-03	-1.517339e-01
2.897623866570938e-03	-1.358961e-01
2.917155116570937e-03	-1.180063e-01
2.936686366570937e-03	-9.833223e-02
2.956217616570936e-03	-7.716992e-02
2.975748866570936e-03	-5.483899e-02
2.995280116570936e-03	-3.167717e-02
3.014811366570935e-03	-8.034726e-03
3.034342616570935e-03	1.573092e-02
3.053873866570934e-03	3.926060e-02
3.073405116570934e-03	6.219873e-02
3.092936366570933e-03	8.419844e-02
3.112467616570933e-03	1.049267e-01
3.131998866570933e-03	1.240695e-01
3.151530116570932e-03	1.413366e-01
3.171061366570932e-03	1.564667e-01
3.190592616570931e-03	1.692320e-01
3.210123866570931e-03	1.794423e-01
3.229655116570931e-03	1.869483e-01
3.249186366570930e-03	1.916433e-01
3.268717616570930e-03	1.934634e-01
3.288248866570929e-03	1.923868e-01
3.307780116570929e-03	1.884321e-01
3.327311366570928e-03	1.816577e-01
3.346842616570928e-03	1.721611e-01
3.366373866570928e-03	1.600791e-01
3.385905116570927e-03	1.455871e-01
3.405436366570927e-03	1.288984e-01
3.424967616570926e-03	1.102610e-01
3.444498866570926e-03	8.995464e-02
3.464030116570926e-03	6.828535e-02
3.483561366570925e-03	4.558069e-02
3.503092616570925e-03	2.218405e-02
3.522623866570924e-03	-1.550787e-03
3.542155116570924e-03	-2.526507e-02
3.561686366570923e-03	-4.860042e-02
3.581217616570923e-03	-7.120414e-02
3.600748866570923e-03	-9.273428e-02
3.620280116570922e-03	-1.128648e-01
3.639811366570922e-03	-1.312906e-01
3.659342616570921e-03	-1.477324e-01
3.678873866570921e-03	-1.619418e-01
3.698405116570921e-03	-1.737056e-01
3.717936366570920e-03	-1.828496e-01
3.737467616570920e-03	-1.892416e-01
3.756998866570919e-03	-1.927918e-01
3.776530116570919e-03	-1.934536e-01
3.796061366570918e-03	-1.912212e-01
3.815592616570918e-03	-1.861294e-01
3.835123866570918e-03	-1.782523e-01
3.854655116570917e-03	-1.677030e-01
3.874186366570917e-03	-1.546339e-01
3.893717616570916e-03	-1.392357e-01
3.913248866570916e-03	-1.217359e-01
3.932780116570916e-03	-1.023958e-01
3.952311366570915e-03	-8.150627e-02
3.971842616570915e-03	-5.938255e-02
3.991373866570914e-03	-3.635921e-02
4.010905116570914e-03	-1.278444e-02
4.030436366570913e-03	1.098531e-02
4.049967616570913e-03	3.459083e-02
4.069498866570913e-03	5.767537e-02
4.089030116570912e-03	7.988992e-02
4.108561366570912e-03	1.008983e-01
4.128092616570911e-03	1.203822e-01
4.147623866570911e-03	1.380464e-01
4.167155116570911e-03	1.536232e-01
4.186686366570910e-03	1.668779e-01
4.206217616570910e-03	1.776125e-01
4.225748866570909e-03	1.856693e-01
4.245280116570909e-03	1.909330e-01
4.264811366570908e-03	1.933312e-01
4.284342616570908e-03	1.928337e-01
4.303873866570908e-03	1.894512e-01
4.323405116570907e-03	1.832341e-01
4.342936366570907e-03	1.742723e-01
4.362467616570906e-03	1.626946e-01
4.381998866570906e-03	1.486688e-01
4.401530116570906e-03	1.324006e-01
4.421061366570905e-03	1.141315e-01
4.440592616570905e-03	9.413521e-02
4.460123866570904e-03	7.271291e-02
4.479655116570904e-03	5.018828e-02
4.499186366570903e-03	2.690198e-02
4.518717616570903e-03	3.206166e-03
4.538248866570903e-03	-2.054098e-02
4.557780116570902e-03	-4.398060e-02
4.577311366570902e-03	-6.675842e-02
4.596842616570901e-03	-8.852993e-02
4.616373866570901e-03	-1.089655e-01
4.635905116570901e-03	-1.277555e-01
4.655436366570900e-03	-1.446151e-01
4.674967616570900e-03	-1.592892e-01
4.694498866570899e-03	-1.715573e-01
4.714030116570899e-03	-1.812373e-01
4.733561366570898e-03	-1.881881e-01
4.753092616570898e-03	-1.923119e-01
4.772623866570898e-03	-1.935530e-01
4.792155116570897e-03	-1.918980e-01
4.811686366570897e-03	-1.873734e-01
4.831217616570896e-03	-1.800455e-01
4.850748866570896e-03	-1.700198e-01
4.870280116570896e-03	-1.574406e-01
4.889811366570895e-03	-1.424911e-01
4.909342616570895e-03	-1.253918e-01
4.928873866570894e-03	-1.063974e-01
4.948405116570894e-03	-8.579320e-02
4.967936366570893e-03	-6.389008e-02
4.987467616570893e-03	-4.101916e-02
5.006998866570893e-03	-1.752635e-02
5.026530116570892e-03	6.233127e-03
5.046061366570892e-03	2.990018e-02
5.065592616570891e-03	5.311716e-02
5.085123866570891e-03	7.553309e-02
5.104655116570891e-03	9.680881e-02
5.124186366570890e-03	1.166221e-01
5.143717616570890e-03	1.346725e-01
5.163248866570889e-03	1.506867e-01
5.182780116570889e-03	1.644229e-01
5.202311366570888e-03	1.756755e-01
5.221842616570888e-03	1.842784e-01
5.241373866570888e-03	1.901079e-01
5.260905116570887e-03	1.930830e-01
5.280436366570887e-03	1.931650e-01
5.299967616570886e-03	1.903567e-01
5.319498866570886e-03	1.847007e-01
5.339030116570886e-03	1.762788e-01
5.358561366570885e-03	1.652120e-01
5.378092616570885e-03	1.516606e-01
5.397623866570884e-03	1.358226e-01
5.417155116570884e-03	1.179328e-01
5.436686366570883e-03	9.825867e-02
5.456217616570883e-03	7.709631e-02
5.475748866570883e-03	5.476536e-02
5.495280116570882e-03	3.160352e-02
5.514811366570882e-03	7.961062e-03
5.534342616570881e-03	-1.580458e-02
5.553873866570881e-03	-3.933427e-02
5.573405116570881e-03	-6.227239e-02
5.592936366570880e-03	-8.427209e-02
5.612467616570880e-03	-1.050004e-01
5.631998866570879e-03	-1.241431e-01
5.651530116570879e-03	-1.414102e-01
5.671061366570878e-03	-1.565402e-01
5.690592616570878e-03	-1.693054e-01
5.710123866570878e-03	-1.795156e-01
5.729655116570877e-03	-1.870215e-01
5.749186366570877e-03	-1.917164e-01
5.768717616570876e-03	-1.935365e-01
5.788248866570876e-03	-1.924598e-01
5.807780116570876e-03	-1.885051e-01
5.827311366570875e-03	-1.817307e-01
5.846842616570875e-03	-1.722342e-01
5.866373866570874e-03	-1.601523e-01
5.885905116570874e-03	-1.456604e-01
5.905436366570874e-03	-1.289717e-01
5.924967616570873e-03	-1.103344e-01
5.944498866570873e-03	-9.002810e-02
5.964030116570872e-03	-6.835885e-02
5.983561366570872e-03	-4.565421e-02
6.003092616570871e-03	-2.225759e-02
6.022623866570871e-03	1.477242e-03
6.042155116570871e-03	2.519152e-02
6.061686366570870e-03	4.852688e-02
6.081217616570870e-03	7.113060e-02
6.100748866570869e-03	9.266075e-02
6.120280116570869e-03	1.127913e-01
6.139811366570869e-03	1.312171e-01
6.159342616570868e-03	1.476590e-01
6.178873866570868e-03	1.618685e-01
6.198405116570867e-03	1.736324e-01
6.217936366570867e-03	1.827765e-01
6.237467616570866e-03	1.891685e-01
6.256998866570866e-03	1.927189e-01
6.276530116570866e-03	1.933806e-01
6.296061366570865e-03	1.911483e-01
6.315592616570865e-03	1.860565e-01
6.335123866570864e-03	1.781793e-01
6.354655116570864e-03	1.676300e-01
6.374186366570864e-03	1.545608e-01
6.393717616570863e-03	1.391625e-01
6.413248866570863e-03	1.216626e-01
6.432780116570862e-03	1.023225e-01
6.452311366570862e-03	8.143292e-02
6.471842616570861e-03	5.930917e-02
6.491373866570861e-03	3.628580e-02
6.510905116570861e-03	1.271102e-02
6.530436366570860e-03	-1.105873e-02
6.549967616570860e-03	-3.466425e-02
6.569498866570859e-03	-5.774879e-02
6.589030116570859e-03	-7.996333e-02
6.608561366570859e-03	-1.009717e-01
6.628092616570858e-03	-1.204556e-01
6.647623866570858e-03	-1.381197e-01
6.667155116570857e-03	-1.536965e-01
6.686686366570857e-03	-1.669511e-01
6.706217616570856e-03	-1.776856e-01
6.725748866570856e-03	-1.857423e-01
6.745280116570856e-03	-1.910059e-01
6.764811366570855e-03	-1.934040e-01
6.784342616570855e-03	-1.929065e-01
6.803873866570854e-03	-1.895240e-01
6.823405116570854e-03	-1.833070e-01
6.842936366570854e-03	-1.743452e-01
6.862467616570853e-03	-1.627675e-01
6.881998866570853e-03	-1.487418e-01
6.901530116570852e-03	-1.324737e-01
6.921061366570852e-03	-1.142047e-01
6.940592616570851e-03	-9.420842e-02
6.960123866570851e-03	-7.278615e-02
6.979655116570851e-03	-5.026155e-02
6.999186366570850e-03	-2.697527e-02
7.018717616570850e-03	-3.279466e-03
7.038248866570849e-03	2.046768e-02
7.057780116570849e-03	4.390729e-02
7.077311366570849e-03	6.668512e-02
7.096842616570848e-03	8.845665e-02
7.116373866570848e-03	1.088923e-01
7.135905116570847e-03	1.276823e-01
7.155436366570847e-03	1.445419e-01
7.174967616570846e-03	1.592161e-01
7.194498866570846e-03	1.714843e-01
7.214030116570846e-03	1.811643e-01
7.233561366570845e-03	1.881153e-01
7.253092616570845e-03	1.922391e-01
7.272623866570844e-03	1.934803e-01
7.292155116570844e-03	1.918253e-01
7.311686366570844e-03	1.873007e-01
7.331217616570843e-03	1.799728e-01
7.350748866570843e-03	1.699470e-01
7.370280116570842e-03	1.573677e-01
7.389811366570842e-03	1.424182e-01
7.409342616570841e-03	1.253188e-01
7.428873866570841e-03	1.063243e-01
7.448405116570841e-03	8.572009e-02
7.467936366570840e-03	6.381694e-02
7.487467616570840e-03	4.094600e-02
7.506998866570839e-03	1.745318e-02
7.526530116570839e-03	-6.306309e-03
7.546061366570839e-03	-2.997337e-02
7.565592616570838e-03	-5.319034e-02
7.585123866570838e-03	-7.560626e-02
7.604655116570837e-03	-9.688196e-02
7.624186366570837e-03	-1.166952e-01
7.643717616570836e-03	-1.347456e-01
7.663248866570836e-03	-1.507598e-01
7.682780116570836e-03	-1.644959e-01
7.702311366570835e-03	-1.757483e-01
7.721842616570835e-03	-1.843512e-01
7.741373866570834e-03	-1.901806e-01
7.760905116570834e-03	-1.931556e-01
7.780436366570834e-03	-1.932376e-01
7.799967616570833e-03	-1.904293e-01
7.819498866570834e-03	-1.847733e-01
7.839030116570833e-03	-1.763514e-01
7.858561366570833e-03	-1.652847e-01
7.878092616570832e-03	-1.517333e-01
7.897623866570832e-03	-1.358955e-01
7.917155116570831e-03	-1.180057e-01
7.936686366570831e-03	-9.833163e-02
7.956217616570831e-03	-7.716931e-02
7.975748866570830e-03	-5.483839e-02
7.995280116570830e-03	-3.167656e-02
8.014811366570829e-03	-8.034118e-03
8.034342616570829e-03	1.573152e-02
8.053873866570829e-03	3.926121e-02
8.073405116570828e-03	6.219934e-02
8.092936366570828e-03	8.419904e-02
8.112467616570827e-03	1.049273e-01
8.131998866570827e-03	1.240701e-01
8.151530116570826e-03	1.413372e-01
8.171061366570826e-03	1.564673e-01
8.190592616570826e-03	1.692326e-01
8.210123866570825e-03	1.794429e-01
8.229655116570825e-03	1.869489e-01
8.249186366570824e-03	1.916439e-01
8.268717616570824e-03	1.934641e-01
8.288248866570824e-03	1.923874e-01
8.307780116570823e-03	1.884327e-01
8.327311366570823e-03	1.816583e-01
8.346842616570822e-03	1.721617e-01
8.366373866570822e-03	1.600797e-01
8.385905116570821e-03	1.455878e-01
8.405436366570821e-03	1.288990e-01
8.424967616570821e-03	1.102616e-01
8.444498866570820e-03	8.995525e-02
8.464030116570820e-03	6.828596e-02
8.483561366570819e-03	4.558130e-02
8.503092616570819e-03	2.218465e-02
8.522623866570819e-03	-1.550182e-03
8.542155116570818e-03	-2.526446e-02
8.561686366570818e-03	-4.859982e-02
8.581217616570817e-03	-7.120353e-02
8.600748866570817e-03	-9.273367e-02
8.620280116570816e-03	-1.128642e-01
8.639811366570816e-03	-1.312900e-01
8.659342616570816e-03	-1.477318e-01
8.678873866570815e-03	-1.619412e-01
8.698405116570815e-03	-1.737050e-01
8.717936366570814e-03	-1.828490e-01
8.737467616570814e-03	-1.892410e-01
8.756998866570814e-03	-1.927913e-01
8.776530116570813e-03	-1.934529e-01
8.796061366570813e-03	-1.912206e-01
8.815592616570812e-03	-1.861288e-01
8.835123866570812e-03	-1.782517e-01
8.854655116570812e-03	-1.677024e-01
8.874186366570811e-03	-1.546333e-01
8.893717616570811e-03	-1.392351e-01
8.913248866570810e-03	-1.217353e-01
8.932780116570810e-03	-1.023952e-01
8.952311366570809e-03	-8.150566e-02
8.971842616570809e-03	-5.938195e-02
8.991373866570809e-03	-3.635860e-02
9.010905116570808e-03	-1.278384e-02
9.030436366570808e-03	1.098591e-02
9.049967616570807e-03	3.459143e-02
9.069498866570807e-03	5.767597e-02
9.089030116570807e-03	7.989052e-02
9.108561366570806e-03	1.008989e-01
9.128092616570806e-03	1.203828e-01
9.147623866570805e-03	1.380470e-01
9.167155116570805e-03	1.536238e-01
9.186686366570804e-03	1.668785e-01
9.206217616570804e-03	1.776131e-01
9.225748866570804e-03	1.856699e-01
9.245280116570803e-03	1.909336e-01
9.264811366570803e-03	1.933318e-01
9.284342616570802e-03	1.928343e-01
9.303873866570802e-03	1.894518e-01
9.323405116570802e-03	1.832348e-01
9.342936366570801e-03	1.742729e-01
9.362467616570801e-03	1.626952e-01
9.381998866570800e-03	1.486694e-01
9.401530116570800e-03	1.324012e-01
9.421061366570799e-03	1.141321e-01
9.440592616570799e-03	9.413581e-02
9.460123866570799e-03	7.271351e-02
9.479655116570798e-03	5.018888e-02
9.499186366570798e-03	2.690258e-02
9.518717616570797e-03	3.206769e-03
9.538248866570797e-03	-2.054038e-02
9.557780116570797e-03	-4.397999e-02
9.577311366570796e-03	-6.675781e-02
9.596842616570796e-03	-8.852933e-02
9.616373866570795e-03	-1.089649e-01
9.635905116570795e-03	-1.277549e-01
9.655436366570794e-03	-1.446145e-01
9.674967616570794e-03	-1.592886e-01
9.694498866570794e-03	-1.715567e-01
9.714030116570793e-03	-1.812367e-01
9.733561366570793e-03	-1.881875e-01
9.753092616570792e-03	-1.923113e-01
9.772623866570792e-03	-1.935524e-01
9.792155116570792e-03	-1.918974e-01
9.811686366570791e-03	-1.873728e-01
9.821451991570791e-03	-1.840536e-01
9.840983241570790e-03	-1.753612e-01
9.860514491570790e-03	-1.640382e-01
9.880045741570790e-03	-1.502486e-01
9.899576991570789e-03	-1.341944e-01
9.919108241570789e-03	-1.161137e-01
9.938639491570788e-03	-9.627702e-02
9.958170741570788e-03	-7.498312e-02
9.977701991570788e-03	-5.255365e-02
9.997233241570787e-03	-2.934671e-02
1.000000000000000e-02	-2.601730e-02