time	V(out)
0.000000000000000e+00	0.000000e+00
6.250000073038109e-09	7.817344e-06
1.250000014607622e-08	2.680321e-05
2.500000029215244e-08	8.297136e-05
5.000000058430487e-08	2.289967e-04
1.000000011686097e-07	5.713536e-04
1.699114494647792e-07	1.120670e-03
3.097343460571181e-07	2.453282e-03
5.893801392417960e-07	6.001302e-03
1.148671725611152e-06	1.645813e-02
2.267254898349864e-06	4.850388e-02
4.076526097652403e-06	1.262960e-01
6.760990691810751e-06	2.902789e-01
1.055350791075071e-05	5.970693e-01
1.584146691966141e-05	1.124813e+00
2.318571284393602e-05	1.969658e+00
3.295133784393602e-05	3.186478e+00
4.271904900650316e-05	4.444287e+00
4.275481179336839e-05	4.448356e+00
4.279295876602464e-05	4.453017e+00
4.286925271133714e-05	4.462278e+00
4.302077359818882e-05	4.479369e+00
4.313657914289381e-05	4.489849e+00
4.322597332974752e-05	4.494838e+00
4.332724539943685e-05	4.497562e+00
4.340092242594133e-05	4.498425e+00
4.350236222210976e-05	4.498903e+00
4.362067595977445e-05	4.499156e+00
4.380194970390760e-05	4.499320e+00
4.407408709604127e-05	4.499422e+00
4.452618172675062e-05	4.499484e+00
4.528717797069967e-05	4.499517e+00
4.675235832658432e-05	4.499533e+00
4.943200683578997e-05	4.499538e+00
5.479130385420128e-05	4.499541e+00
7.432255385420127e-05	4.499545e+00
9.385380385420126e-05	4.499546e+00
1.133850538542012e-04	4.499546e+00
1.329163038542013e-04	4.499547e+00
1.524475538542013e-04	4.499547e+00
1.719788038542013e-04	4.499547e+00
1.915100538542013e-04	4.499547e+00
2.110413038542013e-04	4.499547e+00
2.305725538542013e-04	4.499547e+00
2.501038038542014e-04	4.499547e+00
2.696350538542014e-04	4.499547e+00
2.891663038542014e-04	4.499548e+00
3.086975538542014e-04	4.499548e+00
3.282288038542014e-04	4.499548e+00
3.477600538542014e-04	4.499548e+00
3.672913038542015e-04	4.499548e+00
3.868225538542015e-04	4.499548e+00
4.063538038542015e-04	4.499548e+00
4.258850538542015e-04	4.499548e+00
4.454163038542015e-04	4.499542e+00
4.551819288542015e-04	4.499524e+00
4.607986341936573e-04	4.498973e+00
4.638096002803340e-04	4.461748e+00
4.655003800817112e-04	4.393710e+00
4.665060042900059e-04	4.333153e+00
4.672408571641043e-04	4.282719e+00
4.677619152525034e-04	4.245169e+00
4.685515123468838e-04	4.184391e+00
4.689159285810578e-04	4.155268e+00
4.692614425210904e-04	4.126759e+00
4.696242269383518e-04	4.096354e+00
4.700275265251214e-04	4.061594e+00
4.710386494887587e-04	3.971264e+00
4.726888060464864e-04	3.814006e+00
4.741249677605521e-04	3.668120e+00
4.765773904364639e-04	3.402706e+00
4.811119009669778e-04	2.872931e+00
4.901809220280057e-04	1.737094e+00
4.999465470280057e-04	4.549628e-01
5.097121720280057e-04	-8.587694e-01
5.194777970280057e-04	-2.179408e+00
5.292434220280057e-04	-3.496237e+00
5.304641251530057e-04	-3.660386e+00
5.329055314030057e-04	-3.987370e+00
5.357169926512128e-04	-4.361674e+00
5.364198579632647e-04	-4.454181e+00
5.365300864731489e-04	-4.467480e+00
5.367516286189191e-04	-4.491321e+00
5.367680336734338e-04	-4.492305e+00
5.367855323982494e-04	-4.493242e+00
5.368205298478808e-04	-4.494744e+00
5.368905247471434e-04	-4.496769e+00
5.369684476122662e-04	-4.498008e+00
5.370713318326142e-04	-4.498742e+00
5.371698863825318e-04	-4.499052e+00
5.373230636823833e-04	-4.499253e+00
5.375437807317509e-04	-4.499378e+00
5.379063230994883e-04	-4.499457e+00
5.384999974142709e-04	-4.499501e+00
5.395812779052979e-04	-4.499524e+00
5.416042862839489e-04	-4.499533e+00
5.456503030412510e-04	-4.499536e+00
5.635079615558552e-04	-4.499540e+00
5.830392115558552e-04	-4.499542e+00
6.025704615558552e-04	-4.499542e+00
6.221017115558553e-04	-4.499542e+00
6.416329615558553e-04	-4.499542e+00
6.611642115558553e-04	-4.499543e+00
6.806954615558553e-04	-4.499543e+00
7.002267115558553e-04	-4.499543e+00
7.197579615558554e-04	-4.499543e+00
7.392892115558554e-04	-4.499543e+00
7.588204615558554e-04	-4.499544e+00
7.783517115558554e-04	-4.499544e+00
7.978829615558554e-04	-4.499544e+00
8.174142115558554e-04	-4.499544e+00
8.369454615558555e-04	-4.499544e+00
8.564767115558555e-04	-4.499544e+00
8.760079615558555e-04	-4.499545e+00
8.955392115558555e-04	-4.499545e+00
9.150704615558555e-04	-4.499545e+00
9.346017115558555e-04	-4.499543e+00
9.541329615558556e-04	-4.499535e+00
9.638985865558556e-04	-4.499472e+00
9.692313553117208e-04	-4.457436e+00
9.722171001391826e-04	-4.350524e+00
9.749072057634494e-04	-4.160846e+00
9.802874170119829e-04	-3.659973e+00
9.854657284360602e-04	-3.093487e+00
9.931534566365364e-04	-2.151270e+00
1.002919081636536e-03	-8.804325e-01
1.012684706636536e-03	4.280731e-01
1.022450331636536e-03	1.746858e+00
1.032215956636536e-03	3.059620e+00
1.041981581636536e-03	4.359960e+00
1.041998270937074e-03	4.363579e+00
1.042017344423402e-03	4.366802e+00
1.042055491396058e-03	4.372238e+00
1.042236953744895e-03	4.396102e+00
1.042455772624279e-03	4.424343e+00
1.042893410383046e-03	4.479621e+00
1.042938061983950e-03	4.484017e+00
1.042997597451821e-03	4.489007e+00
1.043060063274929e-03	4.493044e+00
1.043136106950297e-03	4.496132e+00
1.043209056383746e-03	4.497687e+00
1.043296107759639e-03	4.498528e+00
1.043390701338394e-03	4.498940e+00
1.043519238564394e-03	4.499183e+00
1.043706832778244e-03	4.499337e+00
1.043997802199523e-03	4.499433e+00
1.044476369567335e-03	4.499489e+00
1.045305805533901e-03	4.499520e+00
1.046855956353698e-03	4.499534e+00
1.049872367815894e-03	4.499539e+00
1.065670815740288e-03	4.499544e+00
1.085202065740288e-03	4.499546e+00
1.104733315740288e-03	4.499546e+00
1.124264565740288e-03	4.499546e+00
1.143795815740288e-03	4.499546e+00
1.163327065740288e-03	4.499547e+00
1.182858315740288e-03	4.499547e+00
1.202389565740288e-03	4.499547e+00
1.221920815740288e-03	4.499547e+00
1.241452065740288e-03	4.499547e+00
1.260983315740288e-03	4.499547e+00
1.280514565740288e-03	4.499547e+00
1.300045815740288e-03	4.499548e+00
1.319577065740288e-03	4.499548e+00
1.339108315740288e-03	4.499548e+00
1.358639565740288e-03	4.499548e+00
1.378170815740288e-03	4.499548e+00
1.397702065740288e-03	4.499548e+00
1.417233315740288e-03	4.499548e+00
1.436764565740288e-03	4.499546e+00
1.446530190740288e-03	4.499540e+00
1.456295815740288e-03	4.499516e+00
1.461909604270151e-03	4.491791e+00
1.464534703857911e-03	4.445429e+00
1.466056857968216e-03	4.375105e+00
1.466944888838372e-03	4.319345e+00
1.467610052627200e-03	4.272858e+00
1.468087524636890e-03	4.238110e+00
1.468830090891503e-03	4.180664e+00
1.469176459660118e-03	4.153004e+00
1.469511788286127e-03	4.125387e+00
1.469866674516410e-03	4.095650e+00
1.470265525386541e-03	4.061223e+00
1.471292873223011e-03	3.969376e+00
1.473046793228636e-03	3.801596e+00
1.474647897869135e-03	3.637540e+00
1.477503312267794e-03	3.324059e+00
1.482976621353922e-03	2.674171e+00
1.492742246353922e-03	1.435283e+00
1.502507871353922e-03	1.433080e-01
1.512273496353922e-03	-1.173858e+00
1.522039121353922e-03	-2.493876e+00
1.531804746353922e-03	-3.808149e+00
1.533025449478922e-03	-3.971771e+00
1.535466855728922e-03	-4.296165e+00
1.536968254828957e-03	-4.492463e+00
1.536968896261602e-03	-4.492494e+00
1.536979892249792e-03	-4.492829e+00
1.537061995628282e-03	-4.495531e+00
1.537126831339583e-03	-4.497017e+00
1.537216220243067e-03	-4.498183e+00
1.537314280079036e-03	-4.498788e+00
1.537438887404406e-03	-4.499112e+00
1.537597160313387e-03	-4.499287e+00
1.537850209285781e-03	-4.499401e+00
1.538250622255462e-03	-4.499470e+00
1.538941916901687e-03	-4.499508e+00
1.540181112851870e-03	-4.499527e+00
1.542582063088281e-03	-4.499534e+00
1.547383963561104e-03	-4.499537e+00
1.566753389506748e-03	-4.499541e+00
1.586284639506748e-03	-4.499542e+00
1.605815889506748e-03	-4.499542e+00
1.625347139506748e-03	-4.499542e+00
1.644878389506748e-03	-4.499543e+00
1.664409639506748e-03	-4.499543e+00
1.683940889506748e-03	-4.499543e+00
1.703472139506748e-03	-4.499543e+00
1.723003389506748e-03	-4.499543e+00
1.742534639506748e-03	-4.499544e+00
1.762065889506748e-03	-4.499544e+00
1.781597139506748e-03	-4.499544e+00
1.801128389506748e-03	-4.499544e+00
1.820659639506748e-03	-4.499544e+00
1.840190889506748e-03	-4.499544e+00
1.859722139506748e-03	-4.499545e+00
1.879253389506748e-03	-4.499545e+00
1.898784639506748e-03	-4.499545e+00
1.918315889506748e-03	-4.499545e+00
1.937847139506748e-03	-4.499543e+00
1.947612764506748e-03	-4.499540e+00
1.957378389506748e-03	-4.499525e+00
1.967144014506748e-03	-4.468974e+00
1.971405156209958e-03	-4.363970e+00
1.974462291813324e-03	-4.181138e+00
1.977214990586056e-03	-3.950010e+00
1.979892873976350e-03	-3.688344e+00
1.983942681487035e-03	-3.248955e+00
1.987844332961700e-03	-2.789167e+00
1.994949170837879e-03	-1.895698e+00
2.002797159813731e-03	-8.675214e-01
2.012562784813731e-03	4.423002e-01
2.022328409813731e-03	1.760507e+00
2.032094034813730e-03	3.073259e+00
2.041859659813730e-03	4.383974e+00
2.041862043999521e-03	4.383875e+00
2.041866812371103e-03	4.383002e+00
2.041876349114268e-03	4.382157e+00
2.041895422600596e-03	4.382594e+00
2.041933569573252e-03	4.386265e+00
2.041974483743138e-03	4.391367e+00
2.042048433960278e-03	4.401045e+00
2.042169685461461e-03	4.416827e+00
2.042412188463829e-03	4.447626e+00
2.042721400630125e-03	4.482952e+00
2.042860502140139e-03	4.493429e+00
2.042991160989005e-03	4.497616e+00
2.043072273899728e-03	4.498551e+00
2.043179794812106e-03	4.498981e+00
2.043297553098538e-03	4.499192e+00
2.043507363066103e-03	4.499349e+00
2.043795811474450e-03	4.499438e+00
2.044319046446521e-03	4.499493e+00
2.045222551877489e-03	4.499522e+00
2.047029562739426e-03	4.499535e+00
2.057609718348645e-03	4.499542e+00
2.077140968348645e-03	4.499545e+00
2.096672218348645e-03	4.499546e+00
2.116203468348644e-03	4.499546e+00
2.135734718348644e-03	4.499546e+00
2.155265968348643e-03	4.499546e+00
2.174797218348643e-03	4.499547e+00
2.194328468348643e-03	4.499547e+00
2.213859718348642e-03	4.499547e+00
2.233390968348642e-03	4.499547e+00
2.252922218348641e-03	4.499547e+00
2.272453468348641e-03	4.499547e+00
2.291984718348641e-03	4.499547e+00
2.311515968348640e-03	4.499547e+00
2.331047218348640e-03	4.499548e+00
2.350578468348639e-03	4.499548e+00
2.370109718348639e-03	4.499548e+00
2.389640968348638e-03	4.499548e+00
2.409172218348638e-03	4.499548e+00
2.428703468348638e-03	4.499547e+00
2.448234718348637e-03	4.499538e+00
2.458000343348637e-03	4.495910e+00
2.464271640352461e-03	4.422794e+00
2.467235505277309e-03	4.294085e+00
2.469585391371595e-03	4.123761e+00
2.471894539156370e-03	3.924167e+00
2.474150407754212e-03	3.706706e+00
2.476356998102348e-03	3.476027e+00
2.478996501840485e-03	3.182073e+00
2.481779150735377e-03	2.855741e+00
2.485430322459476e-03	2.408064e+00
2.489770687452755e-03	1.855993e+00
2.496038438239191e-03	1.034583e+00
2.504239370401392e-03	-6.163935e-02
2.514004995401392e-03	-1.379843e+00
2.523770620401392e-03	-2.698394e+00
2.533536245401391e-03	-4.005590e+00
2.534312275328876e-03	-4.110929e+00
2.535864335183847e-03	-4.320767e+00
2.537118050899777e-03	-4.484593e+00
2.537130669244303e-03	-4.485862e+00
2.537206379311458e-03	-4.491101e+00
2.537258194205871e-03	-4.493946e+00
2.537322302752306e-03	-4.496233e+00
2.537404054429858e-03	-4.497795e+00
2.537496018050429e-03	-4.498612e+00
2.537592282044988e-03	-4.498983e+00
2.537727645036953e-03	-4.499207e+00
2.537928146977256e-03	-4.499351e+00
2.538241277895271e-03	-4.499440e+00
2.538761242002177e-03	-4.499492e+00
2.539668462562043e-03	-4.499519e+00
2.541386007842222e-03	-4.499531e+00
2.561366806932564e-03	-4.499540e+00
2.580898056932563e-03	-4.499542e+00
2.600429306932563e-03	-4.499542e+00
2.619960556932562e-03	-4.499542e+00
2.639491806932562e-03	-4.499543e+00
2.659023056932561e-03	-4.499543e+00
2.678554306932561e-03	-4.499543e+00
2.698085556932561e-03	-4.499543e+00
2.717616806932560e-03	-4.499543e+00
2.737148056932560e-03	-4.499544e+00
2.756679306932559e-03	-4.499544e+00
2.776210556932559e-03	-4.499544e+00
2.795741806932559e-03	-4.499544e+00
2.815273056932558e-03	-4.499544e+00
2.834804306932558e-03	-4.499544e+00
2.854335556932557e-03	-4.499545e+00
2.873866806932557e-03	-4.499545e+00
2.893398056932556e-03	-4.499545e+00
2.912929306932556e-03	-4.499545e+00
2.932460556932556e-03	-4.499544e+00
2.951991806932555e-03	-4.499537e+00
2.961757431932555e-03	-4.499519e+00
2.966638056227254e-03	-4.498323e+00
2.969772233532690e-03	-4.458260e+00
2.971377033548504e-03	-4.392323e+00
2.972307473193295e-03	-4.336021e+00
2.972949575323571e-03	-4.291996e+00
2.973381331254369e-03	-4.261427e+00
2.973719485152713e-03	-4.236027e+00
2.973990825033563e-03	-4.215292e+00
2.974266926486313e-03	-4.193943e+00
2.974519230973811e-03	-4.173787e+00
2.974786078518908e-03	-4.152305e+00
2.975082636445213e-03	-4.127641e+00
2.975420474398308e-03	-4.099308e+00
2.975853516968300e-03	-4.061812e+00
2.977257268134151e-03	-3.934042e+00
2.978664913660355e-03	-3.796404e+00
2.981399124562743e-03	-3.507011e+00
2.986867546367520e-03	-2.872212e+00
2.996633171367519e-03	-1.646707e+00
3.006398796367519e-03	-3.598436e-01
3.016164421367519e-03	9.555417e-01
3.025930046367519e-03	2.273690e+00
3.035695671367519e-03	3.585835e+00
3.036153435039394e-03	3.647601e+00
3.036763786601893e-03	3.728908e+00
3.037984489726894e-03	3.891185e+00
3.040425895976894e-03	4.214964e+00
3.041036247539393e-03	4.295502e+00
3.042256950664394e-03	4.455423e+00
3.042319731530901e-03	4.463245e+00
3.042445293263916e-03	4.477493e+00
3.042561761147751e-03	4.488609e+00
3.042648819406976e-03	4.494120e+00
3.042740164663920e-03	4.497127e+00
3.042806862812155e-03	4.498133e+00
3.042910857507645e-03	4.498786e+00
3.043012736077386e-03	4.499081e+00
3.043171989030777e-03	4.499273e+00
3.043403079803835e-03	4.499392e+00
3.043782409038235e-03	4.499466e+00
3.044414569735293e-03	4.499508e+00
3.045557353812911e-03	4.499528e+00
3.047745612315646e-03	4.499537e+00
3.052122129321116e-03	4.499540e+00
3.070640788332056e-03	4.499544e+00
3.090172038332056e-03	4.499545e+00
3.109703288332055e-03	4.499546e+00
3.129234538332055e-03	4.499546e+00
3.148765788332055e-03	4.499546e+00
3.168297038332054e-03	4.499546e+00
3.187828288332054e-03	4.499547e+00
3.207359538332053e-03	4.499547e+00
3.226890788332053e-03	4.499547e+00
3.246422038332052e-03	4.499547e+00
3.265953288332052e-03	4.499547e+00
3.285484538332052e-03	4.499547e+00
3.305015788332051e-03	4.499547e+00
3.324547038332051e-03	4.499547e+00
3.344078288332050e-03	4.499548e+00
3.363609538332050e-03	4.499548e+00
3.383140788332050e-03	4.499548e+00
3.402672038332049e-03	4.499548e+00
3.422203288332049e-03	4.499547e+00
3.441734538332048e-03	4.499544e+00
3.451500163332048e-03	4.499530e+00
3.461265788332048e-03	4.475190e+00
3.465712557409976e-03	4.381088e+00
3.468373893616240e-03	4.235661e+00
3.470611686770403e-03	4.059514e+00
3.472836209101454e-03	3.857293e+00
3.475455069625104e-03	3.594266e+00
3.478089704884355e-03	3.307705e+00
3.481753630446277e-03	2.881857e+00
3.485932253536107e-03	2.368814e+00
3.492475920473377e-03	1.528431e+00
3.500749753849619e-03	4.332774e-01
3.510515378849619e-03	-8.811073e-01
3.520281003849619e-03	-2.200963e+00
3.530046628849618e-03	-3.513747e+00
3.531267331974619e-03	-3.678589e+00
3.533708738224619e-03	-4.008126e+00
3.534319089787118e-03	-4.089537e+00
3.535539792912119e-03	-4.251821e+00
3.536799177195296e-03	-4.418494e+00
3.537114023266090e-03	-4.457889e+00
3.537429017881206e-03	-4.493209e+00
3.537433569701504e-03	-4.493553e+00
3.537442673342100e-03	-4.493951e+00
3.537460880623292e-03	-4.494673e+00
3.537497295185676e-03	-4.495828e+00
3.537570124310442e-03	-4.497356e+00
3.537659219326047e-03	-4.498360e+00
3.537770678154954e-03	-4.498913e+00
3.537887073051850e-03	-4.499160e+00
3.538070259744792e-03	-4.499321e+00
3.538346433606942e-03	-4.499421e+00
3.538807183100539e-03	-4.499482e+00
3.539583293861687e-03	-4.499515e+00
3.541070661767240e-03	-4.499529e+00
3.543826518607087e-03	-4.499535e+00
3.549338232286781e-03	-4.499538e+00
3.568869482286781e-03	-4.499541e+00
3.588400732286780e-03	-4.499542e+00
3.607931982286780e-03	-4.499542e+00
3.627463232286779e-03	-4.499543e+00
3.646994482286779e-03	-4.499543e+00
3.666525732286778e-03	-4.499543e+00
3.686056982286778e-03	-4.499543e+00
3.705588232286778e-03	-4.499543e+00
3.725119482286777e-03	-4.499544e+00
3.744650732286777e-03	-4.499544e+00
3.764181982286776e-03	-4.499544e+00
3.783713232286776e-03	-4.499544e+00
3.803244482286776e-03	-4.499544e+00
3.822775732286775e-03	-4.499545e+00
3.842306982286775e-03	-4.499545e+00
3.861838232286774e-03	-4.499545e+00
3.881369482286774e-03	-4.499545e+00
3.900900732286773e-03	-4.499545e+00
3.920431982286773e-03	-4.499545e+00
3.939963232286773e-03	-4.499543e+00
3.949728857286772e-03	-4.499539e+00
3.959494482286772e-03	-4.499526e+00
3.965668627562302e-03	-4.499437e+00
3.968947348708578e-03	-4.475743e+00
3.970641010661021e-03	-4.420116e+00
3.972286780088209e-03	-4.320600e+00
3.974644450856375e-03	-4.139264e+00
3.978180124464105e-03	-3.815757e+00
3.982849550260611e-03	-3.315692e+00
3.992188401853624e-03	-2.189928e+00
4.001954026853624e-03	-9.273189e-01
4.011719651853624e-03	3.808559e-01
4.021485276853623e-03	1.700150e+00
4.031250901853623e-03	3.014126e+00
4.041016526853623e-03	4.317809e+00
4.042237229978623e-03	4.477785e+00
4.042249760975423e-03	4.479114e+00
4.042274822969023e-03	4.481281e+00
4.042376976092697e-03	4.489894e+00
4.042443055033102e-03	4.493805e+00
4.042519012132780e-03	4.496562e+00
4.042589756845735e-03	4.497853e+00
4.042691570990636e-03	4.498672e+00
4.042783733453278e-03	4.499009e+00
4.042928991227092e-03	4.499229e+00
4.043131411583167e-03	4.499363e+00
4.043467069012595e-03	4.499450e+00
4.044001569859372e-03	4.499499e+00
4.044982295443623e-03	4.499524e+00
4.046765210382652e-03	4.499535e+00
4.050331040260710e-03	4.499539e+00
4.067228325016826e-03	4.499544e+00
4.086759575016826e-03	4.499545e+00
4.106290825016825e-03	4.499546e+00
4.125822075016825e-03	4.499546e+00
4.145353325016824e-03	4.499546e+00
4.164884575016824e-03	4.499546e+00
4.184415825016823e-03	4.499546e+00
4.203947075016823e-03	4.499547e+00
4.223478325016823e-03	4.499547e+00
4.243009575016822e-03	4.499547e+00
4.262540825016822e-03	4.499547e+00
4.282072075016821e-03	4.499547e+00
4.301603325016821e-03	4.499547e+00
4.321134575016821e-03	4.499547e+00
4.340665825016820e-03	4.499548e+00
4.360197075016820e-03	4.499548e+00
4.379728325016819e-03	4.499548e+00
4.399259575016819e-03	4.499548e+00
4.418790825016818e-03	4.499548e+00
4.438322075016818e-03	4.499545e+00
4.448087700016818e-03	4.499539e+00
4.457853325016818e-03	4.499509e+00
4.462835912722896e-03	4.478815e+00
4.465872945106541e-03	4.402678e+00
4.467948672058001e-03	4.287575e+00
4.469664677511076e-03	4.159512e+00
4.471375195445540e-03	4.014144e+00
4.473422591614535e-03	3.822572e+00
4.475511294356404e-03	3.610445e+00
4.478410922878956e-03	3.293657e+00
4.481819595831523e-03	2.896182e+00
4.487174380135816e-03	2.234552e+00
4.494099353379788e-03	1.339751e+00
4.503864978379788e-03	3.998630e-02
4.513630603379787e-03	-1.277169e+00
4.523396228379787e-03	-2.596294e+00
4.533161853379787e-03	-3.912726e+00
4.534382556504787e-03	-4.075130e+00
4.536823962754787e-03	-4.396805e+00
4.537434314317287e-03	-4.476502e+00
4.537478962267254e-03	-4.480940e+00
4.537538492867210e-03	-4.486408e+00
4.537594855883691e-03	-4.490770e+00
4.537668310524018e-03	-4.494629e+00
4.537758519985884e-03	-4.497267e+00
4.537831737423332e-03	-4.498267e+00
4.537928903440193e-03	-4.498822e+00
4.538036766361056e-03	-4.499102e+00
4.538203400217605e-03	-4.499286e+00
4.538445777111067e-03	-4.499399e+00
4.538848321956687e-03	-4.499469e+00
4.539515276588698e-03	-4.499508e+00
4.540756412184321e-03	-4.499527e+00
4.543075965823111e-03	-4.499534e+00
4.547715073100692e-03	-4.499537e+00
4.566758912655853e-03	-4.499541e+00
4.586290162655853e-03	-4.499542e+00
4.605821412655853e-03	-4.499543e+00
4.625352662655852e-03	-4.499543e+00
4.644883912655852e-03	-4.499543e+00
4.664415162655851e-03	-4.499543e+00
4.683946412655851e-03	-4.499543e+00
4.703477662655851e-03	-4.499544e+00
4.723008912655850e-03	-4.499544e+00
4.742540162655850e-03	-4.499544e+00
4.762071412655849e-03	-4.499544e+00
4.781602662655849e-03	-4.499544e+00
4.801133912655848e-03	-4.499544e+00
4.820665162655848e-03	-4.499545e+00
4.840196412655848e-03	-4.499545e+00
4.859727662655847e-03	-4.499545e+00
4.879258912655847e-03	-4.499545e+00
4.898790162655846e-03	-4.499545e+00
4.918321412655846e-03	-4.499545e+00
4.937852662655846e-03	-4.499543e+00
4.947618287655845e-03	-4.499540e+00
4.957383912655845e-03	-4.499520e+00
4.967149537655845e-03	-4.452393e+00
4.971573717282537e-03	-4.311365e+00
4.975806368665029e-03	-4.014955e+00
4.979660993210257e-03	-3.649950e+00
4.983966383624844e-03	-3.173565e+00
4.992577164454020e-03	-2.121339e+00
5.001485163176864e-03	-9.659606e-01
5.011250788176864e-03	3.421379e-01
5.021016413176864e-03	1.661422e+00
5.030782038176864e-03	2.975827e+00
5.040547663176864e-03	4.282820e+00
5.040700251067488e-03	4.302387e+00
5.041005426848738e-03	4.341182e+00
5.041406848408101e-03	4.393793e+00
5.041860520085534e-03	4.451356e+00
5.042194546093783e-03	4.487926e+00
5.042317536746537e-03	4.495650e+00
5.042435848195753e-03	4.498079e+00
5.042522546317103e-03	4.498747e+00
5.042636842813043e-03	4.499078e+00
5.042785971180187e-03	4.499267e+00
5.043012613804328e-03	4.499387e+00
5.043392654784231e-03	4.499465e+00
5.043994042084122e-03	4.499506e+00
5.045196816683905e-03	4.499528e+00
5.047602365883469e-03	4.499537e+00
5.052413464282600e-03	4.499540e+00
5.071801286080860e-03	4.499544e+00
5.091332536080860e-03	4.499545e+00
5.110863786080859e-03	4.499546e+00
5.130395036080859e-03	4.499546e+00
5.149926286080859e-03	4.499546e+00
5.169457536080858e-03	4.499546e+00
5.188988786080858e-03	4.499546e+00
5.208520036080857e-03	4.499547e+00
5.228051286080857e-03	4.499547e+00
5.247582536080857e-03	4.499547e+00
5.267113786080856e-03	4.499547e+00
5.286645036080856e-03	4.499547e+00
5.306176286080855e-03	4.499547e+00
5.325707536080855e-03	4.499547e+00
5.345238786080854e-03	4.499547e+00
5.364770036080854e-03	4.499548e+00
5.384301286080854e-03	4.499548e+00
5.403832536080853e-03	4.499548e+00
5.423363786080853e-03	4.499547e+00
5.442895036080852e-03	4.499543e+00
5.452660661080852e-03	4.499525e+00
5.462426286080852e-03	4.484457e+00
5.465572595448183e-03	4.419709e+00
5.468022863597859e-03	4.291517e+00
5.469656398284167e-03	4.172730e+00
5.471256745388641e-03	4.039269e+00
5.472935390502377e-03	3.886322e+00
5.474485939435215e-03	3.734556e+00
5.476377219202652e-03	3.537819e+00
5.478368826603346e-03	3.319516e+00
5.480909333616680e-03	3.027028e+00
5.483984999027383e-03	2.656913e+00
5.488269351006434e-03	2.119904e+00
5.493955258830292e-03	1.381964e+00
5.503415843140905e-03	1.227458e-01
5.513181468140904e-03	-1.193625e+00
5.522947093140904e-03	-2.512791e+00
5.532712718140904e-03	-3.830868e+00
5.533933421265904e-03	-3.993158e+00
5.536374827515904e-03	-4.315069e+00
5.536985179078404e-03	-4.395964e+00
5.537137766969029e-03	-4.415963e+00
5.537442942750279e-03	-4.454905e+00
5.537677035479171e-03	-4.483429e+00
5.537716419363665e-03	-4.487075e+00
5.537768931209656e-03	-4.490867e+00
5.537852291726738e-03	-4.495030e+00
5.537938857010366e-03	-4.497423e+00
5.538011954109817e-03	-4.498332e+00
5.538109847978354e-03	-4.498851e+00
5.538222330473282e-03	-4.499123e+00
5.538393453479304e-03	-4.499298e+00
5.538647869882669e-03	-4.499407e+00
5.539064429884547e-03	-4.499474e+00
5.539774680809355e-03	-4.499510e+00
5.541067836829503e-03	-4.499528e+00
5.543578097873096e-03	-4.499535e+00
5.548598619960282e-03	-4.499537e+00
5.568129869960282e-03	-4.499541e+00
5.587661119960281e-03	-4.499542e+00
5.607192369960281e-03	-4.499543e+00
5.626723619960280e-03	-4.499543e+00
5.646254869960280e-03	-4.499543e+00
5.665786119960279e-03	-4.499543e+00
5.685317369960279e-03	-4.499543e+00
5.704848619960279e-03	-4.499544e+00
5.724379869960278e-03	-4.499544e+00
5.743911119960278e-03	-4.499544e+00
5.763442369960277e-03	-4.499544e+00
5.782973619960277e-03	-4.499544e+00
5.802504869960277e-03	-4.499545e+00
5.822036119960276e-03	-4.499545e+00
5.841567369960276e-03	-4.499545e+00
5.861098619960275e-03	-4.499545e+00
5.880629869960275e-03	-4.499545e+00
5.900161119960274e-03	-4.499545e+00
5.919692369960274e-03	-4.499545e+00
5.939223619960274e-03	-4.499543e+00
5.948989244960273e-03	-4.499539e+00
5.958754869960273e-03	-4.499236e+00
5.968520494960273e-03	-4.411227e+00
5.972715818308031e-03	-4.231861e+00
5.976680010606618e-03	-3.912964e+00
5.981877626139955e-03	-3.384484e+00
5.988111655770551e-03	-2.662625e+00
5.994343419375605e-03	-1.879303e+00
6.004109044375605e-03	-5.936010e-01
6.013874669375605e-03	7.182227e-01
6.023640294375605e-03	2.036937e+00
6.033405919375605e-03	3.357079e+00
6.034626622500604e-03	3.519222e+00
6.037068028750605e-03	3.840454e+00
6.040406703993080e-03	4.283813e+00
6.040856059144035e-03	4.343019e+00
6.041754769445944e-03	4.460199e+00
6.041819617500705e-03	4.468143e+00
6.041957411701049e-03	4.483697e+00
6.041981729721584e-03	4.485992e+00
6.042014153748964e-03	4.488676e+00
6.042079001803724e-03	4.492659e+00
6.042192007635462e-03	4.496887e+00
6.042253476285050e-03	4.498026e+00
6.042343147601457e-03	4.498676e+00
6.042441319578315e-03	4.499014e+00
6.042591036162308e-03	4.499237e+00
6.042796850290299e-03	4.499368e+00
6.043136978717063e-03	4.499452e+00
6.043686465278643e-03	4.499500e+00
6.044692356391793e-03	4.499525e+00
6.046527434063579e-03	4.499535e+00
6.050197589407150e-03	4.499539e+00
6.067303525094293e-03	4.499543e+00
6.086834775094293e-03	4.499545e+00
6.106366025094292e-03	4.499545e+00
6.125897275094292e-03	4.499546e+00
6.145428525094291e-03	4.499546e+00
6.164959775094291e-03	4.499546e+00
6.174725400094291e-03	4.499546e+00
6.194256650094290e-03	4.499546e+00
6.213787900094290e-03	4.499546e+00
6.233319150094290e-03	4.499547e+00
6.252850400094289e-03	4.499547e+00
6.272381650094289e-03	4.499547e+00
6.291912900094288e-03	4.499547e+00
6.311444150094288e-03	4.499547e+00
6.330975400094288e-03	4.499547e+00
6.350506650094287e-03	4.499547e+00
6.370037900094287e-03	4.499548e+00
6.389569150094286e-03	4.499548e+00
6.409100400094286e-03	4.499547e+00
6.428631650094285e-03	4.499547e+00
6.448162900094285e-03	4.499539e+00
6.457928525094285e-03	4.499513e+00
6.462894509032808e-03	4.484028e+00
6.465943620413238e-03	4.419132e+00
6.467622464920510e-03	4.334295e+00
6.468872941693934e-03	4.247809e+00
6.470103231337763e-03	4.152531e+00
6.471244655682096e-03	4.056824e+00
6.472362675729779e-03	3.956738e+00
6.473603273213147e-03	3.839225e+00
6.474903208530835e-03	3.709767e+00
6.476480504398611e-03	3.544807e+00
6.478324830664406e-03	3.342815e+00
6.480750794543551e-03	3.064427e+00
6.483890375364931e-03	2.687438e+00
6.488575869901970e-03	2.099956e+00
6.495077266079612e-03	1.254502e+00
6.504842891079612e-03	-4.778762e-02
6.514608516079612e-03	-1.365318e+00
6.524374141079612e-03	-2.683856e+00
6.534139766079612e-03	-3.999297e+00
6.535168978997607e-03	-4.135905e+00
6.537227404833598e-03	-4.406390e+00
6.537742011292595e-03	-4.473422e+00
6.537765429062621e-03	-4.476112e+00
6.537812264602670e-03	-4.480747e+00
6.537905935682769e-03	-4.489149e+00
6.537968322375432e-03	-4.493289e+00
6.538044815697762e-03	-4.496281e+00
6.538116633926411e-03	-4.497744e+00
6.538205254840515e-03	-4.498559e+00
6.538300229406080e-03	-4.498954e+00
6.538431702082723e-03	-4.499191e+00
6.538623924549927e-03	-4.499341e+00
6.538922234273830e-03	-4.499433e+00
6.539417615216061e-03	-4.499489e+00
6.540271621930908e-03	-4.499518e+00
6.541891157389372e-03	-4.499531e+00
6.545130228306299e-03	-4.499536e+00
6.561373995140152e-03	-4.499541e+00
6.580905245140152e-03	-4.499542e+00
6.600436495140151e-03	-4.499543e+00
6.619967745140151e-03	-4.499543e+00
6.639498995140151e-03	-4.499543e+00
6.659030245140150e-03	-4.499543e+00
6.678561495140150e-03	-4.499543e+00
6.698092745140149e-03	-4.499544e+00
6.717623995140149e-03	-4.499544e+00
6.737155245140149e-03	-4.499544e+00
6.756686495140148e-03	-4.499544e+00
6.776217745140148e-03	-4.499544e+00
6.795748995140147e-03	-4.499544e+00
6.815280245140147e-03	-4.499545e+00
6.834811495140146e-03	-4.499545e+00
6.854342745140146e-03	-4.499545e+00
6.873873995140146e-03	-4.499545e+00
6.893405245140145e-03	-4.499545e+00
6.912936495140145e-03	-4.499545e+00
6.932467745140144e-03	-4.499544e+00
6.951998995140144e-03	-4.499537e+00
6.961764620140144e-03	-4.499514e+00
6.966570180278609e-03	-4.489279e+00
6.969653755969778e-03	-4.432859e+00
6.971230684461573e-03	-4.358388e+00
6.972273264116926e-03	-4.289957e+00
6.973094467151308e-03	-4.230033e+00
6.974318559950269e-03	-4.133230e+00
6.976017717555747e-03	-3.985321e+00
6.977318356368297e-03	-3.863133e+00
6.979118981462364e-03	-3.682930e+00
6.980380027179996e-03	-3.550105e+00
6.982088028201759e-03	-3.362527e+00
6.984484394678738e-03	-3.086840e+00
6.988472813388643e-03	-2.603520e+00
6.995118522076144e-03	-1.757747e+00
7.004884147076144e-03	-4.690414e-01
7.014649772076144e-03	8.442997e-01
7.024415397076144e-03	2.162627e+00
7.034181022076143e-03	3.477719e+00
7.035401725201143e-03	3.640536e+00
7.037843131451144e-03	3.964376e+00
7.038453483013644e-03	4.045476e+00
7.039674186138644e-03	4.207341e+00
7.039979361919893e-03	4.247727e+00
7.040589713482394e-03	4.327830e+00
7.041810705317391e-03	4.486419e+00
7.041829480780496e-03	4.487550e+00
7.041886701239480e-03	4.491208e+00
7.041942847584987e-03	4.494140e+00
7.042003582685389e-03	4.496232e+00
7.042095861871965e-03	4.497876e+00
7.042199196093240e-03	4.498716e+00
7.042294039327708e-03	4.499036e+00
7.042440330275254e-03	4.499241e+00
7.042655009513644e-03	4.499372e+00
7.043001321064823e-03	4.499455e+00
7.043568421706260e-03	4.499501e+00
7.044590424555771e-03	4.499525e+00
7.046506757462348e-03	4.499535e+00
7.050339423275503e-03	4.499539e+00
7.067770379901813e-03	4.499544e+00
7.087301629901813e-03	4.499545e+00
7.106832879901812e-03	4.499545e+00
7.126364129901812e-03	4.499546e+00
7.145895379901812e-03	4.499546e+00
7.165426629901811e-03	4.499546e+00
7.184957879901811e-03	4.499546e+00
7.204489129901810e-03	4.499546e+00
7.224020379901810e-03	4.499547e+00
7.243551629901810e-03	4.499547e+00
7.263082879901809e-03	4.499547e+00
7.282614129901809e-03	4.499547e+00
7.302145379901808e-03	4.499547e+00
7.321676629901808e-03	4.499547e+00
7.341207879901807e-03	4.499547e+00
7.360739129901807e-03	4.499547e+00
7.380270379901807e-03	4.499547e+00
7.399801629901806e-03	4.499548e+00
7.419332879901806e-03	4.499547e+00
7.438864129901805e-03	4.499545e+00
7.448629754901805e-03	4.499539e+00
7.458395379901805e-03	4.499501e+00
7.463721538729797e-03	4.470389e+00
7.466714105467081e-03	4.380091e+00
7.469413552597335e-03	4.210659e+00
7.472253244251247e-03	3.974831e+00
7.474940198494465e-03	3.713212e+00
7.480314106980901e-03	3.123289e+00
7.485845368499975e-03	2.457691e+00
7.495610993499975e-03	1.201344e+00
7.505376618499975e-03	-9.831583e-02
7.515142243499974e-03	-1.417070e+00
7.524907868499974e-03	-2.735637e+00
7.534673493499974e-03	-4.046359e+00
7.535195882074731e-03	-4.116623e+00
7.536240659224244e-03	-4.256777e+00
7.536501853511623e-03	-4.291443e+00
7.537024242086379e-03	-4.359687e+00
7.538069019235893e-03	-4.493116e+00
7.538075031670494e-03	-4.493588e+00
7.538111106278104e-03	-4.494697e+00
7.538159205754916e-03	-4.495986e+00
7.538240682510191e-03	-4.497502e+00
7.538334902437153e-03	-4.498451e+00
7.538446812274170e-03	-4.498945e+00
7.538580814354641e-03	-4.499194e+00
7.538772109178225e-03	-4.499341e+00
7.539075107779815e-03	-4.499434e+00
7.539574162337611e-03	-4.499489e+00
7.540445767891025e-03	-4.499518e+00
7.542058508309742e-03	-4.499531e+00
7.545272798185126e-03	-4.499536e+00
7.561467002935893e-03	-4.499540e+00
7.580998252935893e-03	-4.499542e+00
7.600529502935893e-03	-4.499543e+00
7.620060752935892e-03	-4.499543e+00
7.639592002935892e-03	-4.499543e+00
7.659123252935891e-03	-4.499543e+00
7.678654502935891e-03	-4.499544e+00
7.698185752935890e-03	-4.499544e+00
7.717717002935890e-03	-4.499544e+00
7.737248252935890e-03	-4.499544e+00
7.756779502935889e-03	-4.499544e+00
7.776310752935889e-03	-4.499545e+00
7.795842002935888e-03	-4.499545e+00
7.815373252935888e-03	-4.499545e+00
7.834904502935888e-03	-4.499545e+00
7.854435752935887e-03	-4.499545e+00
7.873967002935887e-03	-4.499545e+00
7.893498252935886e-03	-4.499546e+00
7.913029502935886e-03	-4.499546e+00
7.932560752935885e-03	-4.499544e+00
7.952092002935885e-03	-4.499537e+00
7.961857627935885e-03	-4.499504e+00
7.967191170390410e-03	-4.475097e+00
7.970186178824723e-03	-4.393841e+00
7.972484661017762e-03	-4.258958e+00
7.974677642186812e-03	-4.087090e+00
7.976716878404377e-03	-3.902617e+00
7.979881891347637e-03	-3.583508e+00
7.983029627719088e-03	-3.235430e+00
7.988623532454376e-03	-2.565684e+00
7.995128485580170e-03	-1.739781e+00
8.004894110580170e-03	-4.496176e-01
8.014659735580170e-03	8.636560e-01
8.024425360580170e-03	2.181578e+00
8.034190985580170e-03	3.497480e+00
8.035411688705170e-03	3.660199e+00
8.037853094955170e-03	3.983698e+00
8.038463446517669e-03	4.064842e+00
8.039684149642670e-03	4.226777e+00
8.039989325423920e-03	4.267171e+00
8.040599676986419e-03	4.345870e+00
8.041820380111420e-03	4.497102e+00
8.041825860609258e-03	4.497459e+00
8.041836821604937e-03	4.497549e+00
8.041902587579010e-03	4.498049e+00
8.041990275544439e-03	4.498521e+00
8.042165651475296e-03	4.499029e+00
8.042388316850529e-03	4.499302e+00
8.042649564221170e-03	4.499416e+00
8.043063288515203e-03	4.499478e+00
8.043810723409487e-03	4.499514e+00
8.045162853000826e-03	4.499531e+00
8.047756303158026e-03	4.499537e+00
8.052943203472428e-03	4.499540e+00
8.072474453472428e-03	4.499544e+00
8.092005703472427e-03	4.499545e+00
8.111536953472427e-03	4.499545e+00
8.131068203472426e-03	4.499546e+00
8.150599453472426e-03	4.499546e+00
8.170130703472426e-03	4.499546e+00
8.189661953472425e-03	4.499546e+00
8.209193203472425e-03	4.499546e+00
8.228724453472424e-03	4.499547e+00
8.248255703472424e-03	4.499547e+00
8.267786953472423e-03	4.499547e+00
8.287318203472423e-03	4.499547e+00
8.306849453472423e-03	4.499547e+00
8.326380703472422e-03	4.499547e+00
8.345911953472422e-03	4.499547e+00
8.365443203472421e-03	4.499547e+00
8.384974453472421e-03	4.499547e+00
8.404505703472421e-03	4.499547e+00
8.424036953472420e-03	4.499547e+00
8.443568203472420e-03	4.499543e+00
8.453333828472420e-03	4.499523e+00
8.463099453472419e-03	4.456369e+00
8.467367247461504e-03	4.330043e+00
8.470927538180356e-03	4.093872e+00
8.474382071875994e-03	3.781844e+00
8.478023311954930e-03	3.396786e+00
8.485305792112804e-03	2.539118e+00
8.492440426563472e-03	1.636666e+00
8.502206051563472e-03	3.447432e-01
8.511971676563472e-03	-9.702955e-01
8.521737301563472e-03	-2.290259e+00
8.531502926563472e-03	-3.608317e+00
8.532391993430245e-03	-3.726957e+00
8.534170127163789e-03	-3.962590e+00
8.537726394630877e-03	-4.434800e+00
8.537984119323799e-03	-4.464248e+00
8.538377166150503e-03	-4.493950e+00
8.538540661835575e-03	-4.498811e+00
8.538637718129743e-03	-4.499103e+00
8.538757553593467e-03	-4.499246e+00
8.538997224520914e-03	-4.499375e+00
8.539389458694828e-03	-4.499460e+00
8.539999316945324e-03	-4.499504e+00
8.541103249673341e-03	-4.499525e+00
8.543311115129376e-03	-4.499534e+00
8.547726846041447e-03	-4.499537e+00
8.566323932865589e-03	-4.499541e+00
8.585855182865589e-03	-4.499542e+00
8.605386432865588e-03	-4.499543e+00
8.624917682865588e-03	-4.499543e+00
8.644448932865588e-03	-4.499543e+00
8.663980182865587e-03	-4.499543e+00
8.683511432865587e-03	-4.499544e+00
8.703042682865586e-03	-4.499544e+00
8.722573932865586e-03	-4.499544e+00
8.742105182865586e-03	-4.499544e+00
8.761636432865585e-03	-4.499544e+00
8.781167682865585e-03	-4.499545e+00
8.800698932865584e-03	-4.499545e+00
8.820230182865584e-03	-4.499545e+00
8.839761432865583e-03	-4.499545e+00
8.859292682865583e-03	-4.499545e+00
8.878823932865583e-03	-4.499545e+00
8.898355182865582e-03	-4.499546e+00
8.917886432865582e-03	-4.499545e+00
8.937417682865581e-03	-4.499544e+00
8.947183307865581e-03	-4.499540e+00
8.956948932865581e-03	-4.499518e+00
8.966714557865581e-03	-4.442794e+00
8.971440593688543e-03	-4.278866e+00
8.976005155099050e-03	-3.940439e+00
8.980740284509875e-03	-3.470483e+00
8.985821333310193e-03	-2.886407e+00
8.995586958310193e-03	-1.659359e+00
9.005352583310193e-03	-3.727023e-01
9.015118208310193e-03	9.428431e-01
9.024883833310193e-03	2.261635e+00
9.034649458310192e-03	3.574238e+00
9.034706678769178e-03	3.582958e+00
9.034782972714490e-03	3.593397e+00
9.035851087948864e-03	3.735850e+00
9.037071791073865e-03	3.898289e+00
9.039513197323865e-03	4.222431e+00
9.040123548886364e-03	4.303007e+00
9.041344252011365e-03	4.462900e+00
9.041375825741237e-03	4.466772e+00
9.041438973200982e-03	4.473841e+00
9.041565268120472e-03	4.486624e+00
9.041645026671706e-03	4.492512e+00
9.041735701729059e-03	4.496302e+00
9.041809431303125e-03	4.497820e+00
9.041897584117321e-03	4.498593e+00
9.041994883841045e-03	4.498976e+00
9.042127988454380e-03	4.499204e+00
9.042326896711991e-03	4.499350e+00
9.042632966372529e-03	4.499440e+00
9.043146680769462e-03	4.499494e+00
9.044031000892183e-03	4.499522e+00
9.045722702095084e-03	4.499534e+00
9.049106104500887e-03	4.499538e+00
9.065638534312491e-03	4.499543e+00
9.085169784312491e-03	4.499545e+00
9.104701034312490e-03	4.499545e+00
9.124232284312490e-03	4.499545e+00
9.143763534312489e-03	4.499545e+00
9.163294784312489e-03	4.499546e+00
9.182826034312488e-03	4.499546e+00
9.202357284312488e-03	4.499546e+00
9.221888534312488e-03	4.499546e+00
9.241419784312487e-03	4.499546e+00
9.260951034312487e-03	4.499547e+00
9.280482284312486e-03	4.499547e+00
9.300013534312486e-03	4.499547e+00
9.319544784312486e-03	4.499547e+00
9.339076034312485e-03	4.499547e+00
9.358607284312485e-03	4.499547e+00
9.378138534312484e-03	4.499547e+00
9.397669784312484e-03	4.499547e+00
9.417201034312483e-03	4.499547e+00
9.436732284312483e-03	4.499545e+00
9.446497909312483e-03	4.499541e+00
9.456263534312483e-03	4.499521e+00
9.462959471525157e-03	4.498653e+00
9.465462585863090e-03	4.462667e+00
9.467161685242030e-03	4.390745e+00
9.467982492067159e-03	4.341657e+00
9.468605763730764e-03	4.299285e+00
9.469012350409457e-03	4.270845e+00
9.469338236119531e-03	4.246696e+00
9.469601220433220e-03	4.226848e+00
9.469868907348095e-03	4.206428e+00
9.470117588939521e-03	4.186806e+00
9.470382246731912e-03	4.165785e+00
9.470680694301596e-03	4.141286e+00
9.471025561405288e-03	4.112692e+00
9.471473212300659e-03	4.074359e+00
9.472979498508902e-03	3.938091e+00
9.474551610595822e-03	3.784237e+00
9.477695834769661e-03	3.448855e+00
9.483984283117338e-03	2.712117e+00
9.493749908117338e-03	1.478415e+00
9.503515533117337e-03	1.868071e-01
9.513281158117337e-03	-1.130260e+00
9.523046783117337e-03	-2.449934e+00
9.532812408117337e-03	-3.763865e+00
9.534033111242337e-03	-3.927305e+00
9.536503127721830e-03	-4.256711e+00
9.536770156530424e-03	-4.292124e+00
9.537075332311674e-03	-4.332514e+00
9.537685683874173e-03	-4.413040e+00
9.537838271764798e-03	-4.432863e+00
9.538143447546048e-03	-4.471523e+00
9.538198051483492e-03	-4.477794e+00
9.538307259358383e-03	-4.487926e+00
9.538406347501799e-03	-4.494072e+00
9.538513510593743e-03	-4.497442e+00
9.538576543663259e-03	-4.498293e+00
9.538681737494555e-03	-4.498850e+00
9.538792600287638e-03	-4.499124e+00
9.538959449653491e-03	-4.499296e+00
9.539212390437399e-03	-4.499405e+00
9.539632541686278e-03	-4.499474e+00
9.540318839126625e-03	-4.499510e+00
9.541661625867417e-03	-4.499528e+00
9.544274321678736e-03	-4.499535e+00
9.549499713301376e-03	-4.499538e+00
9.569030963301375e-03	-4.499542e+00
9.588562213301375e-03	-4.499543e+00
9.608093463301375e-03	-4.499543e+00
9.627624713301374e-03	-4.499543e+00
9.647155963301374e-03	-4.499543e+00
9.666687213301373e-03	-4.499544e+00
9.686218463301373e-03	-4.499544e+00
9.705749713301372e-03	-4.499544e+00
9.725280963301372e-03	-4.499544e+00
9.744812213301372e-03	-4.499544e+00
9.764343463301371e-03	-4.499545e+00
9.783874713301371e-03	-4.499545e+00
9.803405963301370e-03	-4.499545e+00
9.822937213301370e-03	-4.499545e+00
9.842468463301370e-03	-4.499545e+00
9.861999713301369e-03	-4.499545e+00
9.881530963301369e-03	-4.499546e+00
9.901062213301368e-03	-4.499546e+00
9.920593463301368e-03	-4.499545e+00
9.940124713301367e-03	-4.499543e+00
9.949890338301367e-03	-4.499539e+00
9.959655963301367e-03	-4.499527e+00
9.963625670912591e-03	-4.499494e+00
9.967450163271881e-03	-4.499407e+00
9.967628722344928e-03	-4.499388e+00
9.967985840491021e-03	-4.499279e+00
9.968341216332138e-03	-4.498835e+00
9.968615541964217e-03	-4.496305e+00
9.968756365721575e-03	-4.489345e+00
9.968855175755244e-03	-4.479301e+00
9.968912486335937e-03	-4.473906e+00
9.968976756787361e-03	-4.470067e+00
9.969060282852741e-03	-4.465776e+00
9.969151486753720e-03	-4.461107e+00
9.969333894555675e-03	-4.451519e+00
9.969698710159586e-03	-4.431373e+00
9.970428341367408e-03	-4.387368e+00
9.971887603783054e-03	-4.286227e+00
9.974806128614344e-03	-4.042431e+00
9.980643178276924e-03	-3.455770e+00
9.988334172772895e-03	-2.562136e+00
9.998099797772894e-03	-1.327958e+00
1.000000000000000e-02	-1.078663e+00