time	V(out)
0.000000000000000e+00	0.000000e+00
8.000000093488779e-07	1.609497e-05
1.600000018697756e-06	5.031736e-05
3.200000037395512e-06	1.728021e-04
6.400000074791024e-06	6.048023e-04
1.128281257479102e-05	1.655439e-03
1.616562507479103e-05	3.177081e-03
2.104843757479103e-05	5.201887e-03
2.593125007479103e-05	7.714385e-03
3.081406257479102e-05	1.069743e-02
3.569687507479102e-05	1.413228e-02
4.057968757479102e-05	1.799863e-02
4.546250007479102e-05	2.227473e-02
5.034531257479102e-05	2.693742e-02
5.522812507479101e-05	3.196224e-02
6.011093757479101e-05	3.732351e-02
6.499375007479101e-05	4.299441e-02
6.987656257479101e-05	4.894711e-02
7.475937507479102e-05	5.515283e-02
7.964218757479102e-05	6.158199e-02
8.452500007479103e-05	6.820426e-02
8.940781257479103e-05	7.498874e-02
9.429062507479103e-05	8.190402e-02
9.917343757479104e-05	8.891831e-02
1.040562500747910e-04	9.599956e-02
1.089390625747910e-04	1.031156e-01
1.138218750747911e-04	1.102342e-01
1.187046875747911e-04	1.173233e-01
1.235875000747910e-04	1.243509e-01
1.284703125747911e-04	1.312855e-01
1.333531250747911e-04	1.380959e-01
1.382359375747911e-04	1.447517e-01
1.431187500747911e-04	1.512228e-01
1.480015625747911e-04	1.574802e-01
1.528843750747911e-04	1.634957e-01
1.577671875747911e-04	1.692421e-01
1.626500000747911e-04	1.746931e-01
1.675328125747911e-04	1.798240e-01
1.724156250747911e-04	1.846111e-01
1.772984375747911e-04	1.890320e-01
1.821812500747911e-04	1.930660e-01
1.870640625747911e-04	1.966937e-01
1.919468750747911e-04	1.998976e-01
1.968296875747911e-04	2.026615e-01
2.017125000747911e-04	2.049711e-01
2.065953125747911e-04	2.068140e-01
2.114781250747911e-04	2.081794e-01
2.163609375747911e-04	2.090585e-01
2.212437500747911e-04	2.094444e-01
2.261265625747911e-04	2.093319e-01
2.310093750747911e-04	2.087181e-01
2.407750000747912e-04	2.059836e-01
2.505406250747911e-04	2.012551e-01
2.603062500747911e-04	1.945775e-01
2.700718750747911e-04	1.860261e-01
2.798375000747912e-04	1.757048e-01
2.896031250747912e-04	1.637453e-01
2.993687500747912e-04	1.503045e-01
3.091343750747912e-04	1.355620e-01
3.189000000747912e-04	1.197181e-01
3.286656250747912e-04	1.029901e-01
3.384312500747912e-04	8.560914e-02
3.481968750747912e-04	6.781684e-02
3.579625000747912e-04	4.986157e-02
3.677281250747912e-04	3.199471e-02
3.774937500747912e-04	1.446679e-02
3.823765625747912e-04	5.907086e-03
3.872593750747913e-04	-2.476215e-03
3.921421875747913e-04	-1.065370e-02
3.970250000747913e-04	-1.859668e-02
4.019078125747913e-04	-2.627737e-02
4.067906250747913e-04	-3.366888e-02
4.116734375747913e-04	-4.074544e-02
4.165562500747913e-04	-4.748241e-02
4.214390625747913e-04	-5.385640e-02
4.263218750747913e-04	-5.984537e-02
4.312046875747913e-04	-6.542868e-02
4.360875000747913e-04	-7.058724e-02
4.409703125747913e-04	-7.530349e-02
4.458531250747913e-04	-7.956153e-02
4.507359375747913e-04	-8.334716e-02
4.556187500747913e-04	-8.664792e-02
4.605015625747913e-04	-8.945318e-02
4.653843750747913e-04	-9.175412e-02
4.702671875747913e-04	-9.354383e-02
4.751500000747913e-04	-9.481728e-02
4.800328125747913e-04	-9.557136e-02
4.849156250747913e-04	-9.580491e-02
4.897984375747913e-04	-9.551869e-02
4.946812500747913e-04	-9.471542e-02
4.995640625747914e-04	-9.339973e-02
5.044468750747914e-04	-9.157814e-02
5.093296875747914e-04	-8.925911e-02
5.142125000747914e-04	-8.645289e-02
5.190953125747914e-04	-8.317160e-02
5.239781250747914e-04	-7.942908e-02
5.288609375747914e-04	-7.524093e-02
5.337437500747914e-04	-7.062440e-02
5.386265625747914e-04	-6.559829e-02
5.435093750747914e-04	-6.018300e-02
5.483921875747914e-04	-5.440032e-02
5.532750000747914e-04	-4.827344e-02
5.581578125747914e-04	-4.182679e-02
5.630406250747914e-04	-3.508604e-02
5.679234375747914e-04	-2.807790e-02
5.728062500747914e-04	-2.083012e-02
5.776890625747914e-04	-1.337129e-02
5.825718750747914e-04	-5.730801e-03
5.874546875747914e-04	2.061279e-03
5.923375000747914e-04	9.974341e-03
6.021031250747914e-04	2.603886e-02
6.118687500747915e-04	4.221112e-02
6.216343750747915e-04	5.823812e-02
6.314000000747915e-04	7.386921e-02
6.411656250747915e-04	8.885993e-02
6.509312500747915e-04	1.029757e-01
6.606968750747915e-04	1.159951e-01
6.704625000747915e-04	1.277138e-01
6.802281250747915e-04	1.379467e-01
6.899937500747915e-04	1.465317e-01
6.948765625747915e-04	1.501622e-01
7.046421875747915e-04	1.560260e-01
7.144078125747915e-04	1.599497e-01
7.241734375747916e-04	1.618665e-01
7.290562500747916e-04	1.620596e-01
7.339390625747916e-04	1.617398e-01
7.437046875747916e-04	1.595641e-01
7.534703125747916e-04	1.553649e-01
7.632359375747916e-04	1.491981e-01
7.730015625747916e-04	1.411494e-01
7.827671875747916e-04	1.313331e-01
7.925328125747916e-04	1.198899e-01
8.022984375747916e-04	1.069856e-01
8.120640625747916e-04	9.280752e-02
8.218296875747916e-04	7.756274e-02
8.315953125747916e-04	6.147430e-02
8.413609375747917e-04	4.477810e-02
8.511265625747917e-04	2.771928e-02
8.608921875747917e-04	1.054857e-02
8.657750000747917e-04	2.000204e-03
8.706578125747917e-04	-6.481506e-03
8.755406250747917e-04	-1.486534e-02
8.804234375747917e-04	-2.312043e-02
8.853062500747917e-04	-3.121639e-02
8.901890625747917e-04	-3.912344e-02
8.999546875747917e-04	-5.425526e-02
9.097203125747917e-04	-6.829359e-02
9.194859375747917e-04	-8.103248e-02
9.292515625747917e-04	-9.228542e-02
9.390171875747917e-04	-1.018882e-01
9.487828125747918e-04	-1.097012e-01
9.585484375747918e-04	-1.156117e-01
9.683140625747918e-04	-1.195357e-01
9.780796875747918e-04	-1.214186e-01
9.829625000747917e-04	-1.215860e-01
9.927281250747915e-04	-1.203725e-01
1.002493750074791e-03	-1.171165e-01
1.012259375074791e-03	-1.118714e-01
1.022025000074791e-03	-1.047203e-01
1.031790625074791e-03	-9.577491e-02
1.041556250074790e-03	-8.517386e-02
1.051321875074790e-03	-7.308059e-02
1.061087500074790e-03	-5.968094e-02
1.070853125074790e-03	-4.518029e-02
1.080618750074790e-03	-2.980052e-02
1.085501562574789e-03	-2.185400e-02
1.090384375074789e-03	-1.377668e-02
1.095267187574789e-03	-5.599400e-03
1.100150000074789e-03	2.646600e-03
1.109915625074789e-03	1.921872e-02
1.119681250074789e-03	3.568692e-02
1.129446875074789e-03	5.180006e-02
1.139212500074788e-03	6.731243e-02
1.148978125074788e-03	8.198740e-02
1.158743750074788e-03	9.560099e-02
1.168509375074788e-03	1.079453e-01
1.178275000074788e-03	1.188314e-01
1.188040625074787e-03	1.280927e-01
1.197806250074787e-03	1.355867e-01
1.207571875074787e-03	1.411978e-01
1.217337500074787e-03	1.448388e-01
1.227103125074786e-03	1.464519e-01
1.236868750074786e-03	1.460102e-01
1.246634375074786e-03	1.435176e-01
1.256400000074786e-03	1.390089e-01
1.266165625074786e-03	1.325492e-01
1.275931250074785e-03	1.242331e-01
1.285696875074785e-03	1.141832e-01
1.295462500074785e-03	1.025481e-01
1.305228125074785e-03	8.950043e-02
1.314993750074785e-03	7.523400e-02
1.324759375074784e-03	5.996104e-02
1.334525000074784e-03	4.390895e-02
1.344290625074784e-03	2.731691e-02
1.354056250074784e-03	1.043225e-02
1.363821875074784e-03	-6.493255e-03
1.373587500074783e-03	-2.320717e-02
1.383353125074783e-03	-3.946020e-02
1.393118750074783e-03	-5.500995e-02
1.402884375074783e-03	-6.962458e-02
1.412650000074783e-03	-8.308625e-02
1.422415625074782e-03	-9.519443e-02
1.432181250074782e-03	-1.057689e-01
1.441946875074782e-03	-1.146526e-01
1.451712500074782e-03	-1.217136e-01
1.461478125074781e-03	-1.268476e-01
1.471243750074781e-03	-1.299791e-01
1.481009375074781e-03	-1.310628e-01
1.490775000074781e-03	-1.300842e-01
1.500540625074781e-03	-1.270595e-01
1.510306250074780e-03	-1.220359e-01
1.520071875074780e-03	-1.150907e-01
1.529837500074780e-03	-1.063298e-01
1.539603125074780e-03	-9.588663e-02
1.549368750074780e-03	-8.391978e-02
1.559134375074779e-03	-7.061072e-02
1.568900000074779e-03	-5.616112e-02
1.578665625074779e-03	-4.078977e-02
1.588431250074779e-03	-2.472928e-02
1.598196875074779e-03	-8.222612e-03
1.607962500074778e-03	8.480590e-03
1.617728125074778e-03	2.512775e-02
1.627493750074778e-03	4.146716e-02
1.637259375074778e-03	5.725176e-02
1.647025000074778e-03	7.224288e-02
1.656790625074777e-03	8.621377e-02
1.666556250074777e-03	9.895309e-02
1.676321875074777e-03	1.102680e-01
1.686087500074777e-03	1.199872e-01
1.695853125074776e-03	1.279633e-01
1.705618750074776e-03	1.340751e-01
1.715384375074776e-03	1.382298e-01
1.725150000074776e-03	1.403636e-01
1.734915625074776e-03	1.404434e-01
1.744681250074775e-03	1.384669e-01
1.754446875074775e-03	1.344629e-01
1.764212500074775e-03	1.284905e-01
1.773978125074775e-03	1.206386e-01
1.783743750074775e-03	1.110243e-01
1.793509375074774e-03	9.979127e-02
1.803275000074774e-03	8.710749e-02
1.813040625074774e-03	7.316281e-02
1.822806250074774e-03	5.816608e-02
1.832571875074774e-03	4.234196e-02
1.842337500074773e-03	2.592759e-02
1.852103125074773e-03	9.169002e-03
1.861868750074773e-03	-7.682589e-03
1.871634375074773e-03	-2.437454e-02
1.881400000074773e-03	-4.065662e-02
1.891165625074772e-03	-5.628470e-02
1.900931250074772e-03	-7.102453e-02
1.910696875074772e-03	-8.465516e-02
1.920462500074772e-03	-9.697232e-02
1.930228125074771e-03	-1.077915e-01
1.939993750074771e-03	-1.169507e-01
1.949759375074771e-03	-1.243129e-01
1.959525000074771e-03	-1.297680e-01
1.969290625074771e-03	-1.332347e-01
1.979056250074771e-03	-1.346615e-01
1.988821875074770e-03	-1.340276e-01
1.998587500074770e-03	-1.313431e-01
2.008353125074770e-03	-1.266492e-01
2.018118750074770e-03	-1.200170e-01
2.027884375074770e-03	-1.115469e-01
2.037650000074769e-03	-1.013669e-01
2.047415625074769e-03	-8.963077e-02
2.057181250074769e-03	-7.651550e-02
2.066946875074769e-03	-6.221899e-02
2.076712500074769e-03	-4.695681e-02
2.086478125074768e-03	-3.095909e-02
2.096243750074768e-03	-1.446698e-02
2.106009375074768e-03	2.270929e-03
2.115775000074768e-03	1.900237e-02
2.125540625074768e-03	3.547518e-02
2.135306250074767e-03	5.144108e-02
2.145071875074767e-03	6.665944e-02
2.154837500074767e-03	8.090089e-02
2.164603125074767e-03	9.395073e-02
2.174368750074766e-03	1.056122e-01
2.184134375074766e-03	1.157095e-01
2.193900000074766e-03	1.240903e-01
2.203665625074766e-03	1.306281e-01
2.213431250074766e-03	1.352241e-01
2.223196875074765e-03	1.378087e-01
2.232962500074765e-03	1.383427e-01
2.242728125074765e-03	1.368177e-01
2.252493750074765e-03	1.332561e-01
2.262259375074765e-03	1.277112e-01
2.272025000074764e-03	1.202660e-01
2.281790625074764e-03	1.110320e-01
2.291556250074764e-03	1.001478e-01
2.301321875074764e-03	8.777672e-02
2.311087500074764e-03	7.410448e-02
2.320853125074763e-03	5.933638e-02
2.330618750074763e-03	4.369420e-02
2.340384375074763e-03	2.741286e-02
2.350150000074763e-03	1.073692e-02
2.359915625074763e-03	-6.083121e-03
2.369681250074762e-03	-2.279460e-02
2.379446875074762e-03	-3.914646e-02
2.389212500074762e-03	-5.489309e-02
2.398978125074762e-03	-6.979793e-02
2.408743750074761e-03	-8.363709e-02
2.418509375074761e-03	-9.620273e-02
2.428275000074761e-03	-1.073061e-01
2.438040625074761e-03	-1.167805e-01
2.447806250074761e-03	-1.244838e-01
2.457571875074760e-03	-1.303002e-01
2.467337500074760e-03	-1.341426e-01
2.477103125074760e-03	-1.359535e-01
2.486868750074760e-03	-1.357059e-01
2.496634375074760e-03	-1.334037e-01
2.506400000074759e-03	-1.290818e-01
2.516165625074759e-03	-1.228055e-01
2.525931250074759e-03	-1.146695e-01
2.535696875074759e-03	-1.047962e-01
2.545462500074759e-03	-9.333456e-02
2.555228125074758e-03	-8.045704e-02
2.564993750074758e-03	-6.635761e-02
2.574759375074758e-03	-5.124856e-02
2.584525000074758e-03	-3.535734e-02
2.594290625074758e-03	-1.892318e-02
2.604056250074757e-03	-2.193482e-03
2.613821875074757e-03	1.457993e-02
2.623587500074757e-03	3.114457e-02
2.633353125074757e-03	4.725110e-02
2.643118750074757e-03	6.265707e-02
2.652884375074756e-03	7.713056e-02
2.662650000074756e-03	9.045371e-02
2.672415625074756e-03	1.024259e-01
2.682181250074756e-03	1.128670e-01
2.691946875074755e-03	1.216197e-01
2.701712500074755e-03	1.285522e-01
2.711478125074755e-03	1.335600e-01
2.721243750074755e-03	1.365677e-01
2.731009375074755e-03	1.375299e-01
2.740775000074754e-03	1.364319e-01
2.750540625074754e-03	1.332901e-01
2.760306250074754e-03	1.281516e-01
2.770071875074754e-03	1.210936e-01
2.779837500074754e-03	1.122220e-01
2.789603125074753e-03	1.016702e-01
2.799368750074753e-03	8.959664e-02
2.809134375074753e-03	7.618289e-02
2.818900000074753e-03	6.163053e-02
2.828665625074753e-03	4.615832e-02
2.838431250074752e-03	2.999883e-02
2.848196875074752e-03	1.339499e-02
2.857962500074752e-03	-3.403587e-03
2.867728125074752e-03	-2.014436e-02
2.877493750074752e-03	-3.657566e-02
2.887259375074751e-03	-5.245046e-02
2.897025000074751e-03	-6.753010e-02
2.906790625074751e-03	-8.158788e-02
2.916556250074751e-03	-9.441249e-02
2.926321875074750e-03	-1.058111e-01
2.936087500074750e-03	-1.156125e-01
2.945853125074750e-03	-1.236692e-01
2.955618750074750e-03	-1.298602e-01
2.965384375074750e-03	-1.340926e-01
2.975150000074749e-03	-1.363026e-01
2.984915625074749e-03	-1.364573e-01
2.994681250074749e-03	-1.345543e-01
3.004446875074749e-03	-1.306224e-01
3.014212500074749e-03	-1.247209e-01
3.023978125074748e-03	-1.169384e-01
3.033743750074748e-03	-1.073924e-01
3.043509375074748e-03	-9.622627e-02
3.053275000074748e-03	-8.360820e-02
3.063040625074748e-03	-6.972803e-02
3.072806250074747e-03	-5.479461e-02
3.082571875074747e-03	-3.903264e-02
3.092337500074747e-03	-2.267927e-02
3.102103125074747e-03	-5.980560e-03
3.111868750074747e-03	1.081226e-02
3.121634375074746e-03	2.744653e-02
3.131400000074746e-03	4.367198e-02
3.141165625074746e-03	5.924448e-02
3.150931250074746e-03	7.392975e-02
3.160696875074745e-03	8.750683e-02
3.170462500074745e-03	9.977144e-02
3.180228125074745e-03	1.105390e-01
3.189993750074745e-03	1.196476e-01
3.199759375074745e-03	1.269601e-01
3.209525000074744e-03	1.323664e-01
3.219290625074744e-03	1.357852e-01
3.229056250074744e-03	1.371650e-01
3.238821875074744e-03	1.364849e-01
3.248587500074744e-03	1.337552e-01
3.258353125074743e-03	1.290168e-01
3.268118750074743e-03	1.223410e-01
3.277884375074743e-03	1.138280e-01
3.287650000074743e-03	1.036060e-01
3.297415625074743e-03	9.182857e-02
3.307181250074742e-03	7.867280e-02
3.316946875074742e-03	6.433652e-02
3.326712500074742e-03	4.903533e-02
3.336478125074742e-03	3.299930e-02
3.346243750074742e-03	1.646959e-02
3.356009375074741e-03	-3.052357e-04
3.365775000074741e-03	-1.707291e-02
3.375540625074741e-03	-3.358127e-02
3.385306250074741e-03	-4.958208e-02
3.395071875074740e-03	-6.483471e-02
3.404837500074740e-03	-7.910978e-02
3.414603125074740e-03	-9.219263e-02
3.424368750074740e-03	-1.038865e-01
3.434134375074740e-03	-1.140156e-01
3.443900000074739e-03	-1.224276e-01
3.453665625074739e-03	-1.289961e-01
3.463431250074739e-03	-1.336221e-01
3.473196875074739e-03	-1.362363e-01
3.482962500074739e-03	-1.367993e-01
3.492728125074738e-03	-1.353027e-01
3.502493750074738e-03	-1.317691e-01
3.512259375074738e-03	-1.262515e-01
3.522025000074738e-03	-1.188332e-01
3.531790625074738e-03	-1.096256e-01
3.541556250074737e-03	-9.876734e-02
3.551321875074737e-03	-8.642171e-02
3.561087500074737e-03	-7.277445e-02
3.570853125074737e-03	-5.803086e-02
3.580618750074737e-03	-4.241274e-02
3.590384375074736e-03	-2.615502e-02
3.600150000074736e-03	-9.502261e-03
3.609915625074736e-03	7.295026e-03
3.619681250074736e-03	2.398417e-02
3.629446875074735e-03	4.031411e-02
3.639212500074735e-03	5.603921e-02
3.648978125074735e-03	7.092293e-02
3.658743750074735e-03	8.474136e-02
3.668509375074735e-03	9.728665e-02
3.678275000074734e-03	1.083701e-01
3.688040625074734e-03	1.178249e-01
3.697806250074734e-03	1.255088e-01
3.707571875074734e-03	1.313064e-01
3.717337500074734e-03	1.351303e-01
3.727103125074733e-03	1.369229e-01
3.736868750074733e-03	1.366574e-01
3.746634375074733e-03	1.343377e-01
3.756400000074733e-03	1.299987e-01
3.766165625074733e-03	1.237055e-01
3.775931250074732e-03	1.155528e-01
3.785696875074732e-03	1.056633e-01
3.795462500074732e-03	9.418564e-02
3.805228125074732e-03	8.129245e-02
3.814993750074732e-03	6.717762e-02
3.824759375074731e-03	5.205345e-02
3.834525000074731e-03	3.614740e-02
3.844290625074731e-03	1.969869e-02
3.854056250074731e-03	2.954694e-03
3.863821875074730e-03	-1.383275e-02
3.873587500074730e-03	-3.041116e-02
3.883353125074730e-03	-4.653120e-02
3.893118750074730e-03	-6.195044e-02
3.902884375074730e-03	-7.643696e-02
3.912650000074729e-03	-8.977289e-02
3.922415625074729e-03	-1.017577e-01
3.932181250074729e-03	-1.122111e-01
3.941946875074729e-03	-1.209758e-01
3.951712500074729e-03	-1.279202e-01
3.961478125074728e-03	-1.329396e-01
3.971243750074728e-03	-1.359588e-01
3.981009375074728e-03	-1.369322e-01
3.990775000074728e-03	-1.358452e-01
4.000540625074728e-03	-1.327142e-01
4.010306250074727e-03	-1.275864e-01
4.020071875074727e-03	-1.205387e-01
4.029837500074727e-03	-1.116774e-01
4.039603125074727e-03	-1.011356e-01
4.049368750074727e-03	-8.907191e-02
4.059134375074726e-03	-7.566783e-02
4.068900000074726e-03	-6.112497e-02
4.078665625074726e-03	-4.566207e-02
4.088431250074726e-03	-2.951173e-02
4.098196875074725e-03	-1.291686e-02
4.107962500074725e-03	3.872903e-03
4.117728125074725e-03	2.060503e-02
4.127493750074725e-03	3.702784e-02
4.137259375074725e-03	5.289430e-02
4.147025000074724e-03	6.796575e-02
4.156790625074724e-03	8.201551e-02
4.166556250074724e-03	9.483225e-02
4.176321875074724e-03	1.062232e-01
4.186087500074724e-03	1.160169e-01
4.195853125074723e-03	1.240662e-01
4.205618750074723e-03	1.302499e-01
4.215384375074723e-03	1.344751e-01
4.225150000074723e-03	1.366781e-01
4.234915625074723e-03	1.368258e-01
4.244681250074722e-03	1.349160e-01
4.254446875074722e-03	1.309775e-01
4.264212500074722e-03	1.250694e-01
4.273978125074722e-03	1.172805e-01
4.283743750074722e-03	1.077281e-01
4.293509375074721e-03	9.655586e-02
4.303275000074721e-03	8.393171e-02
4.313040625074721e-03	7.004558e-02
4.322806250074721e-03	5.510632e-02
4.332571875074720e-03	3.933860e-02
4.342337500074720e-03	2.297959e-02
4.352103125074720e-03	6.275343e-03
4.361868750074720e-03	-1.052291e-02
4.371634375074720e-03	-2.716251e-02
4.381400000074719e-03	-4.339319e-02
4.391165625074719e-03	-5.897084e-02
4.400931250074719e-03	-7.366115e-02
4.410696875074719e-03	-8.724318e-02
4.420462500074719e-03	-9.951265e-02
4.430228125074718e-03	-1.102850e-01
4.439993750074718e-03	-1.193983e-01
4.449759375074718e-03	-1.267153e-01
4.459525000074718e-03	-1.321262e-01
4.469290625074718e-03	-1.355494e-01
4.479056250074717e-03	-1.369335e-01
4.488821875074717e-03	-1.362577e-01
4.498587500074717e-03	-1.335322e-01
4.508353125074717e-03	-1.287979e-01
4.518118750074717e-03	-1.221261e-01
4.527884375074716e-03	-1.136171e-01
4.537650000074716e-03	-1.033990e-01
4.547415625074716e-03	-9.162537e-02
4.557181250074716e-03	-7.847334e-02
4.566946875074715e-03	-6.414074e-02
4.576712500074715e-03	-4.884315e-02
4.586478125074715e-03	-3.281067e-02
4.596243750074715e-03	-1.628443e-02
4.606009375074715e-03	4.869812e-04
4.615775000074714e-03	1.725130e-02
4.625540625074714e-03	3.375638e-02
4.635306250074714e-03	4.975396e-02
4.645071875074714e-03	6.500342e-02
4.654837500074714e-03	7.927538e-02
4.664603125074713e-03	9.235518e-02
4.674368750074713e-03	1.040461e-01
4.684134375074713e-03	1.141723e-01
4.693900000074713e-03	1.225814e-01
4.703665625074713e-03	1.291469e-01
4.713431250074712e-03	1.337702e-01
4.723196875074712e-03	1.363817e-01
4.732962500074712e-03	1.369420e-01
4.742728125074712e-03	1.354428e-01
4.752493750074712e-03	1.319066e-01
4.762259375074711e-03	1.263865e-01
4.772025000074711e-03	1.189657e-01
4.781790625074711e-03	1.097557e-01
4.791556250074711e-03	9.889498e-02
4.801321875074710e-03	8.654699e-02
4.811087500074710e-03	7.289742e-02
4.820853125074710e-03	5.815157e-02
4.830618750074710e-03	4.253122e-02
4.840384375074710e-03	2.627132e-02
4.850150000074709e-03	9.616417e-03
4.859915625074709e-03	-7.182973e-03
4.869681250074709e-03	-2.387418e-02
4.879446875074709e-03	-4.020615e-02
4.889212500074709e-03	-5.593324e-02
4.898978125074708e-03	-7.081892e-02
4.908743750074708e-03	-8.463927e-02
4.913626562574708e-03	-9.108427e-02
4.923392187574708e-03	-1.029228e-01
4.933157812574708e-03	-1.132131e-01
4.942923437574707e-03	-1.218004e-01
4.952689062574707e-03	-1.285557e-01
4.962454687574707e-03	-1.333772e-01
4.972220312574707e-03	-1.361924e-01
4.981985937574707e-03	-1.369591e-01
4.991751562574706e-03	-1.356657e-01
4.996634375074706e-03	-1.342905e-01
5.000000000000000e-03	-1.331069e-01