time	V(out)
0.000000000000000e+00	3.200449e-14
7.142857124823165e-08	-1.382569e-05
1.428571424964633e-07	-5.821524e-05
2.142857137446950e-07	-1.331687e-04
2.857142849929266e-07	-2.386859e-04
3.571428562411582e-07	-3.747671e-04
4.285714274893899e-07	-5.414121e-04
4.999999987376214e-07	-7.386210e-04
9.999999974752427e-07	-2.629914e-03
1.999999994950485e-06	-8.314344e-03
3.999999989900971e-06	-2.294230e-02
7.999999979801942e-06	-5.545626e-02
1.599999995960388e-05	-1.208976e-01
3.199999991920777e-05	-2.456984e-01
6.399999983841553e-05	-4.706216e-01
1.279999996768311e-04	-8.414140e-01
2.256562496768311e-04	-1.260749e+00
3.233124996768311e-04	-1.535202e+00
4.209687496768311e-04	-1.692001e+00
5.186249996768311e-04	-1.768789e+00
6.162812496768311e-04	-1.791584e+00
7.139374996768310e-04	-1.777683e+00
8.115937496768310e-04	-1.738546e+00
9.092499996768310e-04	-1.681519e+00
1.006906249676831e-03	-1.611326e+00
1.104562499676831e-03	-1.531041e+00
1.299874999676831e-03	-1.347774e+00
1.495187499676831e-03	-1.141958e+00
1.690499999676832e-03	-9.196329e-01
1.885812499676832e-03	-6.853354e-01
2.081124999676832e-03	-4.430991e-01
2.276437499676832e-03	-1.967930e-01
2.374093749676832e-03	-7.330219e-02
2.471749999676832e-03	4.978916e-02
2.569406249676832e-03	1.720201e-01
2.667062499676832e-03	2.929376e-01
2.764718749676833e-03	4.120986e-01
2.960031249676833e-03	6.434380e-01
3.155343749676833e-03	8.627605e-01
3.350656249676833e-03	1.067065e+00
3.545968749676833e-03	1.253680e+00
3.741281249676833e-03	1.420306e+00
3.936593749676833e-03	1.565042e+00
4.131906249676832e-03	1.686389e+00
4.327218749676832e-03	1.783231e+00
4.522531249676831e-03	1.854791e+00
4.717843749676830e-03	1.900555e+00
4.913156249676830e-03	1.920190e+00
5.108468749676829e-03	1.913452e+00
5.303781249676828e-03	1.880113e+00
5.499093749676828e-03	1.819939e+00
5.694406249676827e-03	1.732724e+00
5.889718749676826e-03	1.618413e+00
6.085031249676826e-03	1.477296e+00
6.280343749676825e-03	1.310245e+00
6.475656249676824e-03	1.118923e+00
6.670968749676823e-03	9.059055e-01
6.768624999676823e-03	7.923117e-01
6.866281249676823e-03	6.746548e-01
6.963937499676822e-03	5.534799e-01
7.061593749676822e-03	4.293624e-01
7.159249999676822e-03	3.028986e-01
7.256906249676821e-03	1.746977e-01
7.354562499676821e-03	4.537375e-02
7.549874999676820e-03	-2.142025e-01
7.745187499676820e-03	-4.710505e-01
7.940499999676819e-03	-7.206326e-01
8.135812499676818e-03	-9.587263e-01
8.331124999676818e-03	-1.181463e+00
8.526437499676817e-03	-1.385347e+00
8.721749999676816e-03	-1.567272e+00
8.917062499676815e-03	-1.724538e+00
9.112374999676815e-03	-1.854867e+00
9.307687499676814e-03	-1.956423e+00
9.502999999676813e-03	-2.027825e+00
9.698312499676813e-03	-2.068162e+00
9.893624999676812e-03	-2.077004e+00
1.008893749967681e-02	-2.054400e+00
1.028424999967681e-02	-2.000878e+00
1.047956249967681e-02	-1.917435e+00
1.067487499967681e-02	-1.805518e+00
1.087018749967681e-02	-1.667003e+00
1.106549999967681e-02	-1.504164e+00
1.126081249967681e-02	-1.319636e+00
1.145612499967681e-02	-1.116374e+00
1.165143749967681e-02	-8.976011e-01
1.184674999967681e-02	-6.667609e-01
1.204206249967680e-02	-4.274553e-01
1.223737499967680e-02	-1.833851e-01
1.243268749967680e-02	6.171511e-02
1.253034374967680e-02	1.834916e-01
1.262799999967680e-02	3.041437e-01
1.282331249967680e-02	5.402997e-01
1.301862499967680e-02	7.667503e-01
1.321393749967680e-02	9.802955e-01
1.340924999967680e-02	1.178028e+00
1.360456249967680e-02	1.357384e+00
1.379987499967680e-02	1.516182e+00
1.399518749967680e-02	1.652641e+00
1.419049999967680e-02	1.765381e+00
1.438581249967680e-02	1.853393e+00
1.458112499967680e-02	1.915989e+00
1.477643749967679e-02	1.952717e+00
1.497174999967679e-02	1.963281e+00
1.516706249967679e-02	1.947445e+00
1.536237499967679e-02	1.904978e+00
1.555768749967679e-02	1.835645e+00
1.575299999967679e-02	1.739263e+00
1.594831249967680e-02	1.615853e+00
1.614362499967680e-02	1.465850e+00
1.633893749967680e-02	1.290339e+00
1.653424999967680e-02	1.091249e+00
1.672956249967681e-02	8.714283e-01
1.692487499967681e-02	6.345806e-01
1.702253124967681e-02	5.111172e-01
1.712018749967681e-02	3.850715e-01
1.721784374967681e-02	2.570488e-01
1.731549999967682e-02	1.276625e-01
1.741315624967682e-02	-2.473712e-03
1.760846874967682e-02	-2.625726e-01
1.780378124967682e-02	-5.185288e-01
1.799909374967682e-02	-7.658933e-01
1.819440624967683e-02	-1.000547e+00
1.838971874967683e-02	-1.218732e+00
1.858503124967683e-02	-1.417068e+00
1.878034374967684e-02	-1.592570e+00
1.897565624967684e-02	-1.742664e+00
1.917096874967684e-02	-1.865203e+00
1.936628124967684e-02	-1.958486e+00
1.956159374967685e-02	-2.021274e+00
1.975690624967685e-02	-2.052799e+00
1.995221874967685e-02	-2.052776e+00
2.014753124967686e-02	-2.021399e+00
2.034284374967686e-02	-1.959337e+00
2.053815624967686e-02	-1.867727e+00
2.073346874967686e-02	-1.748146e+00
2.092878124967687e-02	-1.602595e+00
2.112409374967687e-02	-1.433460e+00
2.131940624967687e-02	-1.243477e+00
2.151471874967687e-02	-1.035686e+00
2.171003124967688e-02	-8.133855e-01
2.190534374967688e-02	-5.800709e-01
2.210065624967688e-02	-3.393814e-01
2.229596874967689e-02	-9.503515e-02
2.239362499967689e-02	2.734168e-02
2.249128124967689e-02	1.492357e-01
2.258893749967689e-02	2.701893e-01
2.278424999967689e-02	5.074844e-01
2.297956249967690e-02	7.357550e-01
2.317487499967690e-02	9.517494e-01
2.337018749967690e-02	1.152497e+00
2.356549999967690e-02	1.335362e+00
2.376081249967691e-02	1.498083e+00
2.395612499967691e-02	1.638799e+00
2.415143749967691e-02	1.756051e+00
2.434674999967692e-02	1.848761e+00
2.454206249967692e-02	1.916180e+00
2.473737499967692e-02	1.957817e+00
2.493268749967692e-02	1.973351e+00
2.512799999967693e-02	1.962540e+00
2.532331249967693e-02	1.925156e+00
2.551862499967693e-02	1.860960e+00
2.571393749967693e-02	1.769750e+00
2.590924999967694e-02	1.651488e+00
2.610456249967694e-02	1.506507e+00
2.629987499967694e-02	1.335745e+00
2.649518749967695e-02	1.140947e+00
2.669049999967695e-02	9.247795e-01
2.688581249967695e-02	6.907877e-01
2.708112499967695e-02	4.432246e-01
2.717878124967696e-02	3.158140e-01
2.727643749967696e-02	1.867952e-01
2.737409374967696e-02	5.678255e-02
2.756940624967696e-02	-2.037876e-01
2.776471874967696e-02	-4.611345e-01
2.796003124967697e-02	-7.107488e-01
2.815534374967697e-02	-9.484425e-01
2.835065624967697e-02	-1.170383e+00
2.854596874967697e-02	-1.373115e+00
2.874128124967698e-02	-1.553573e+00
2.893659374967698e-02	-1.709098e+00
2.913190624967698e-02	-1.837458e+00
2.932721874967699e-02	-1.936861e+00
2.952253124967699e-02	-2.005975e+00
2.971784374967699e-02	-2.043937e+00
2.991315624967699e-02	-2.050365e+00
3.010846874967700e-02	-2.025358e+00
3.030378124967700e-02	-1.969491e+00
3.049909374967700e-02	-1.883808e+00
3.069440624967701e-02	-1.769802e+00
3.088971874967701e-02	-1.629388e+00
3.108503124967701e-02	-1.464881e+00
3.128034374967701e-02	-1.278950e+00
3.147565624967701e-02	-1.074578e+00
3.167096874967702e-02	-8.550149e-01
3.186628124967702e-02	-6.237226e-01
3.206159374967702e-02	-3.843162e-01
3.225690624967702e-02	-1.405034e-01
3.235456249967703e-02	-1.811244e-02
3.245221874967703e-02	1.039811e-01
3.254987499967703e-02	2.253170e-01
3.274518749967703e-02	4.639121e-01
3.294049999967703e-02	6.941642e-01
3.313581249967704e-02	9.127719e-01
3.333112499967704e-02	1.116704e+00
3.352643749967704e-02	1.303255e+00
3.372174999967704e-02	1.470085e+00
3.391706249967705e-02	1.615252e+00
3.411237499967705e-02	1.737218e+00
3.430768749967705e-02	1.834831e+00
3.450299999967706e-02	1.907282e+00
3.469831249967706e-02	1.954035e+00
3.489362499967706e-02	1.974743e+00
3.508893749967706e-02	1.969155e+00
3.528424999967707e-02	1.937042e+00
3.547956249967707e-02	1.878167e+00
3.567487499967707e-02	1.792311e+00
3.587018749967708e-02	1.679391e+00
3.606549999967708e-02	1.539647e+00
3.626081249967708e-02	1.373874e+00
3.645612499967708e-02	1.183647e+00
3.665143749967709e-02	9.714438e-01
3.684674999967709e-02	7.406440e-01
3.704206249967709e-02	4.953784e-01
3.723737499967709e-02	2.402836e-01
3.733503124967710e-02	1.105704e-01
3.753034374967710e-02	-1.501274e-01
3.772565624967710e-02	-4.085358e-01
3.792096874967710e-02	-6.600881e-01
3.811628124967711e-02	-9.005283e-01
3.831159374967711e-02	-1.125951e+00
3.850690624967711e-02	-1.332824e+00
3.870221874967712e-02	-1.518003e+00
3.889753124967712e-02	-1.678746e+00
3.909284374967712e-02	-1.812735e+00
3.928815624967712e-02	-1.918088e+00
3.948346874967713e-02	-1.993379e+00
3.967878124967713e-02	-2.037653e+00
3.987409374967713e-02	-2.050429e+00
4.006940624967713e-02	-2.031711e+00
4.026471874967714e-02	-1.981979e+00
4.046003124967714e-02	-1.902185e+00
4.065534374967714e-02	-1.793733e+00
4.085065624967715e-02	-1.658458e+00
4.104596874967715e-02	-1.498595e+00
4.124128124967715e-02	-1.316747e+00
4.143659374967715e-02	-1.115838e+00
4.163190624967716e-02	-8.990682e-01
4.182721874967716e-02	-6.698620e-01
4.202253124967716e-02	-4.318087e-01
4.221784374967717e-02	-1.886024e-01
4.241315624967717e-02	5.602226e-02
4.251081249967717e-02	1.777047e-01
4.270612499967717e-02	4.175303e-01
4.290143749967718e-02	6.497006e-01
4.309674999967718e-02	8.708679e-01
4.329206249967718e-02	1.077942e+00
4.348737499967718e-02	1.268149e+00
4.368268749967719e-02	1.439071e+00
4.387799999967719e-02	1.588688e+00
4.407331249967719e-02	1.715380e+00
4.426862499967719e-02	1.817921e+00
4.446393749967720e-02	1.895437e+00
4.465924999967720e-02	1.947346e+00
4.485456249967720e-02	1.973269e+00
4.504987499967721e-02	1.972943e+00
4.524518749967721e-02	1.946139e+00
4.544049999967721e-02	1.892620e+00
4.563581249967721e-02	1.812160e+00
4.583112499967722e-02	1.704634e+00
4.602643749967722e-02	1.570199e+00
4.622174999967722e-02	1.409521e+00
4.641706249967723e-02	1.224003e+00
4.661237499967723e-02	1.015940e+00
4.680768749967723e-02	7.885376e-01
4.700299999967723e-02	5.457944e-01
4.719831249967724e-02	2.922677e-01
4.729596874967724e-02	1.629705e-01
4.739362499967724e-02	3.280259e-02
4.758893749967724e-02	-2.277150e-01
4.778424999967724e-02	-4.845441e-01
4.797956249967725e-02	-7.332048e-01
4.817487499967725e-02	-9.695436e-01
4.837018749967725e-02	-1.189765e+00
4.856549999967726e-02	-1.390452e+00
4.876081249967726e-02	-1.568578e+00
4.895612499967726e-02	-1.721528e+00
4.915143749967726e-02	-1.847112e+00
4.934674999967727e-02	-1.943584e+00
4.954206249967727e-02	-2.009657e+00
4.973737499967727e-02	-2.044518e+00
4.993268749967728e-02	-2.047832e+00
5.012799999967728e-02	-2.019745e+00
5.032331249967728e-02	-1.960882e+00
5.051862499967728e-02	-1.872330e+00
5.071393749967729e-02	-1.755626e+00
5.090924999967729e-02	-1.612729e+00
5.110456249967729e-02	-1.445989e+00
5.129987499967729e-02	-1.258108e+00
5.149518749967730e-02	-1.052100e+00
5.169049999967730e-02	-8.312377e-01
5.188581249967730e-02	-5.990005e-01
5.208112499967731e-02	-3.590161e-01
5.227643749967731e-02	-1.149976e-01
5.237409374967731e-02	7.356448e-03
5.247174999967731e-02	1.293209e-01
5.256940624967731e-02	2.504367e-01
5.276471874967732e-02	4.883248e-01
5.296003124967732e-02	7.175300e-01
5.315534374967732e-02	9.347757e-01
5.335065624967732e-02	1.137061e+00
5.354596874967733e-02	1.321713e+00
5.374128124967733e-02	1.486434e+00
5.393659374967733e-02	1.629320e+00
5.413190624967733e-02	1.748874e+00
5.432721874967734e-02	1.843981e+00
5.452253124967734e-02	1.913861e+00
5.471784374967734e-02	1.958003e+00
5.491315624967735e-02	1.976072e+00
5.510846874967735e-02	1.967823e+00
5.530378124967735e-02	1.933026e+00
5.549909374967735e-02	1.871444e+00
5.569440624967736e-02	1.782865e+00
5.588971874967736e-02	1.667228e+00
5.608503124967736e-02	1.524817e+00
5.628034374967737e-02	1.356498e+00
5.647565624967737e-02	1.163931e+00
5.667096874967737e-02	9.496865e-01
5.686628124967737e-02	7.172288e-01
5.706159374967738e-02	4.707507e-01
5.725690624967738e-02	2.149247e-01
5.735456249967738e-02	8.503020e-02
5.754987499967738e-02	-1.756656e-01
5.774518749967739e-02	-4.336029e-01
5.794049999967739e-02	-6.842432e-01
5.813581249967739e-02	-9.233643e-01
5.833112499967739e-02	-1.147097e+00
5.852643749967740e-02	-1.351948e+00
5.872174999967740e-02	-1.534811e+00
5.891706249967740e-02	-1.692988e+00
5.911237499967741e-02	-1.824202e+00
5.930768749967741e-02	-1.926616e+00
5.950299999967741e-02	-1.998851e+00
5.969831249967741e-02	-2.039999e+00
5.989362499967742e-02	-2.049627e+00
6.008893749967742e-02	-2.027788e+00
6.028424999967742e-02	-1.975009e+00
6.047956249967743e-02	-1.892287e+00
6.067487499967743e-02	-1.781072e+00
6.087018749967743e-02	-1.643240e+00
6.106549999967743e-02	-1.481064e+00
6.126081249967744e-02	-1.297181e+00
6.145612499967744e-02	-1.094546e+00
6.165143749967744e-02	-8.763831e-01
6.184674999967744e-02	-6.461359e-01
6.204206249967745e-02	-4.074071e-01
6.223737499967745e-02	-1.638978e-01
6.243268749967745e-02	8.065683e-02
6.253034374967745e-02	2.021662e-01
6.272565624967744e-02	4.413763e-01
6.292096874967743e-02	6.725868e-01
6.311628124967741e-02	8.924730e-01
6.331159374967740e-02	1.097974e+00
6.350690624967739e-02	1.286348e+00
6.370221874967738e-02	1.455219e+00
6.389753124967737e-02	1.602604e+00
6.409284374967736e-02	1.726924e+00
6.428815624967735e-02	1.826992e+00
6.448346874967734e-02	1.901965e+00
6.467878124967733e-02	1.951284e+00
6.487409374967731e-02	1.974588e+00
6.506940624967730e-02	1.971620e+00
6.526471874967729e-02	1.942151e+00
6.546003124967728e-02	1.885944e+00
6.565534374967727e-02	1.802775e+00
6.585065624967726e-02	1.692541e+00
6.604596874967725e-02	1.555437e+00
6.624128124967724e-02	1.392194e+00
6.643659374967723e-02	1.204300e+00
6.663190624967721e-02	9.941403e-01
6.682721874967720e-02	7.650090e-01
6.702253124967719e-02	5.209720e-01
6.721784374967718e-02	2.666274e-01
6.731549999967718e-02	1.371053e-01
6.741315624967717e-02	6.835039e-03
6.760846874967716e-02	-2.535268e-01
6.780378124967715e-02	-5.097387e-01
6.799909374967714e-02	-7.573516e-01
6.819440624967713e-02	-9.922464e-01
6.838971874967711e-02	-1.210665e+00
6.858503124967710e-02	-1.409228e+00
6.878034374967709e-02	-1.584950e+00
6.897565624967708e-02	-1.735258e+00
6.917096874967707e-02	-1.858004e+00
6.936628124967706e-02	-1.951489e+00
6.956159374967705e-02	-2.014472e+00
6.975690624967704e-02	-2.046188e+00
6.995221874967703e-02	-2.046349e+00
7.014753124967701e-02	-2.015151e+00
7.034284374967700e-02	-1.953264e+00
7.053815624967699e-02	-1.861823e+00
7.073346874967698e-02	-1.742408e+00
7.092878124967697e-02	-1.597016e+00
7.112409374967696e-02	-1.428037e+00
7.131940624967695e-02	-1.238205e+00
7.151471874967694e-02	-1.030562e+00
7.171003124967693e-02	-8.084046e-01
7.190534374967691e-02	-5.752292e-01
7.210065624967690e-02	-3.346751e-01
7.229596874967689e-02	-9.046052e-02
7.239362499967689e-02	3.185182e-02
7.249128124967688e-02	1.536823e-01
7.268659374967687e-02	3.940743e-01
7.288190624967686e-02	6.271578e-01
7.307721874967685e-02	8.495626e-01
7.327253124967684e-02	1.058171e+00
7.346784374967683e-02	1.250172e+00
7.366315624967681e-02	1.423115e+00
7.385846874967680e-02	1.574936e+00
7.405378124967679e-02	1.703976e+00
7.424909374967678e-02	1.808972e+00
7.444440624967677e-02	1.889016e+00
7.463971874967676e-02	1.943500e+00
7.483503124967675e-02	1.972030e+00
7.503034374967674e-02	1.974334e+00
7.522565624967673e-02	1.950183e+00
7.542096874967671e-02	1.899343e+00
7.561628124967670e-02	1.821581e+00
7.581159374967669e-02	1.716756e+00
7.600690624967668e-02	1.584988e+00
7.620221874967667e-02	1.426881e+00
7.639753124967666e-02	1.243756e+00
7.659284374967665e-02	1.037814e+00
7.678815624967664e-02	8.121731e-01
7.698346874967663e-02	5.707622e-01
7.717878124967661e-02	3.180948e-01
7.727643749967661e-02	1.890437e-01
7.737409374967660e-02	5.899912e-02
7.756940624967659e-02	-2.016336e-01
7.776471874967658e-02	-4.590414e-01
7.796003124967657e-02	-7.087148e-01
7.815534374967656e-02	-9.464659e-01
7.835065624967655e-02	-1.168462e+00
7.854596874967654e-02	-1.371248e+00
7.874128124967653e-02	-1.551758e+00
7.893659374967651e-02	-1.707335e+00
7.913190624967650e-02	-1.835744e+00
7.932721874967649e-02	-1.935195e+00
7.952253124967648e-02	-2.004355e+00
7.971784374967647e-02	-2.042363e+00
7.991315624967646e-02	-2.048835e+00
8.010846874967645e-02	-2.023871e+00
8.030378124967644e-02	-1.968045e+00
8.049909374967643e-02	-1.882403e+00
8.069440624967641e-02	-1.768435e+00
8.088971874967640e-02	-1.628060e+00
8.108503124967639e-02	-1.463590e+00
8.128034374967638e-02	-1.277695e+00
8.147565624967637e-02	-1.073358e+00
8.167096874967636e-02	-8.538290e-01
8.186628124967635e-02	-6.225697e-01
8.206159374967634e-02	-3.831956e-01
8.225690624967633e-02	-1.394142e-01
8.235456249967632e-02	-1.703855e-02
8.245221874967631e-02	1.050399e-01
8.254987499967631e-02	2.263608e-01
8.274518749967630e-02	4.649267e-01
8.294049999967629e-02	6.951503e-01
8.313581249967628e-02	9.137304e-01
8.333112499967626e-02	1.117636e+00
8.352643749967625e-02	1.304160e+00
8.372174999967624e-02	1.470965e+00
8.391706249967623e-02	1.616107e+00
8.411237499967622e-02	1.738049e+00
8.430768749967621e-02	1.835639e+00
8.450299999967620e-02	1.908068e+00
8.469831249967619e-02	1.954800e+00
8.489362499967618e-02	1.975487e+00
8.508893749967616e-02	1.969878e+00
8.528424999967615e-02	1.937746e+00
8.547956249967614e-02	1.878852e+00
8.567487499967613e-02	1.792978e+00
8.587018749967612e-02	1.680041e+00
8.606549999967611e-02	1.540279e+00
8.626081249967610e-02	1.374490e+00
8.645612499967609e-02	1.184246e+00
8.665143749967608e-02	9.720264e-01
8.684674999967607e-02	7.412106e-01
8.704206249967605e-02	4.959292e-01
8.723737499967604e-02	2.408190e-01
8.733503124967604e-02	1.110982e-01
8.753034374967603e-02	-1.496145e-01
8.772565624967602e-02	-4.080374e-01
8.792096874967600e-02	-6.596038e-01
8.811628124967599e-02	-9.000576e-01
8.831159374967598e-02	-1.125494e+00
8.850690624967597e-02	-1.332380e+00
8.870221874967596e-02	-1.517571e+00
8.889753124967595e-02	-1.678326e+00
8.909284374967594e-02	-1.812327e+00
8.928815624967593e-02	-1.917691e+00
8.948346874967592e-02	-1.992994e+00
8.967878124967590e-02	-2.037278e+00
8.987409374967589e-02	-2.050065e+00
9.006940624967588e-02	-2.031357e+00
9.026471874967587e-02	-1.981635e+00
9.046003124967586e-02	-1.901851e+00
9.065534374967585e-02	-1.793408e+00
9.085065624967584e-02	-1.658141e+00
9.104596874967583e-02	-1.498288e+00
9.124128124967582e-02	-1.316448e+00
9.143659374967580e-02	-1.115547e+00
9.163190624967579e-02	-8.987858e-01
9.182721874967578e-02	-6.695876e-01
9.202253124967577e-02	-4.315419e-01
9.221784374967576e-02	-1.883430e-01
9.241315624967575e-02	5.627436e-02
9.251081249967574e-02	1.779532e-01
9.270612499967573e-02	4.177719e-01
9.290143749967572e-02	6.499354e-01
9.309674999967571e-02	8.710961e-01
9.329206249967570e-02	1.078164e+00
9.348737499967569e-02	1.268364e+00
9.368268749967568e-02	1.439281e+00
9.387799999967567e-02	1.588892e+00
9.407331249967565e-02	1.715578e+00
9.426862499967564e-02	1.818113e+00
9.446393749967563e-02	1.895625e+00
9.465924999967562e-02	1.947528e+00
9.485456249967561e-02	1.973446e+00
9.504987499967560e-02	1.973115e+00
9.524518749967559e-02	1.946306e+00
9.544049999967558e-02	1.892784e+00
9.563581249967557e-02	1.812319e+00
9.583112499967555e-02	1.704789e+00
9.602643749967554e-02	1.570349e+00
9.622174999967553e-02	1.409667e+00
9.641706249967552e-02	1.224146e+00
9.661237499967551e-02	1.016079e+00
9.680768749967550e-02	7.886726e-01
9.700299999967549e-02	5.459256e-01
9.719831249967548e-02	2.923951e-01
9.729596874967547e-02	1.630962e-01
9.739362499967547e-02	3.292648e-02
9.758893749967545e-02	-2.275947e-01
9.778424999967544e-02	-4.844271e-01
9.797956249967543e-02	-7.330912e-01
9.817487499967542e-02	-9.694331e-01
9.827253124967542e-02	-1.081783e+00
9.846784374967540e-02	-1.292643e+00
9.866315624967539e-02	-1.482405e+00
9.885846874967538e-02	-1.648247e+00
9.905378124967537e-02	-1.787764e+00
9.924909374967536e-02	-1.898984e+00
9.944440624967535e-02	-1.980391e+00
9.963971874967534e-02	-2.030932e+00
9.983503124967533e-02	-2.050034e+00
9.993268749967532e-02	-2.048328e+00
1.000000000000000e-01	-2.043453e+00
